txt_to_dat.py
toma la carpeta casos_txt y por cada archivo los convierte en .dat

txt_to_dat_with_prob.py
toma la carpeta casos_txt y por cada archivo los convierte en .dat y les agrega tambien las probabilidades

inicio.py
toma la carpeta casos_dats, y genera los respectivos graficos de cada uno. 

param sigma
:    1        2 :=
1    0.00001  0.99999
2    0.10000  0.90000
3    0.20000  0.80000
4    0.30000  0.70000
5    0.40000  0.60000
6    0.50000  0.50000
7    0.60000  0.40000
8    0.70000  0.30000
9    0.80000  0.20000
10   0.90000  0.10000
11   0.99999  0.00001
;



param sigma
:    1        2 :=
1    0.00001  0.99999
2    0.01000  0.99000
3    0.02000  0.98000
4    0.03000  0.97000
5    0.04000  0.96000
6    0.05000  0.95000
7    0.06000  0.94000
8    0.07000  0.93000
9    0.08000  0.92000
10   0.09000  0.91000
11   0.10000  0.90000
12   0.11000  0.89000
13   0.12000  0.88000
14   0.13000  0.87000
15   0.14000  0.86000
16   0.15000  0.85000
17   0.16000  0.84000
18   0.17000  0.83000
19   0.18000  0.82000
20   0.19000  0.81000
21   0.20000  0.80000
22   0.21000  0.79000
23   0.22000  0.78000
24   0.23000  0.77000
25   0.24000  0.76000
26   0.25000  0.75000
27   0.26000  0.74000
28   0.27000  0.73000
29   0.28000  0.72000
30   0.29000  0.71000
31   0.30000  0.70000
32   0.31000  0.69000
33   0.32000  0.68000
34   0.33000  0.67000
35   0.34000  0.66000
36   0.35000  0.65000
37   0.36000  0.64000
38   0.37000  0.63000
39   0.38000  0.62000
40   0.39000  0.61000
41   0.40000  0.60000
42   0.41000  0.59000
43   0.42000  0.58000
44   0.43000  0.57000
45   0.44000  0.56000
46   0.45000  0.55000
47   0.46000  0.54000
48   0.47000  0.53000
49   0.48000  0.52000
50   0.49000  0.51000
51   0.50000  0.50000
52   0.51000  0.49000
53   0.52000  0.48000
54   0.53000  0.47000
55   0.54000  0.46000
56   0.55000  0.45000
57   0.56000  0.44000
58   0.57000  0.43000
59   0.58000  0.42000
60   0.59000  0.41000
61   0.60000  0.40000
62   0.61000  0.39000
63   0.62000  0.38000
64   0.63000  0.37000
65   0.64000  0.36000
66   0.65000  0.35000
67   0.66000  0.34000
68   0.67000  0.33000
69   0.68000  0.32000
70   0.69000  0.31000
71   0.70000  0.30000
72   0.71000  0.29000
73   0.72000  0.28000
74   0.73000  0.27000
75   0.74000  0.26000
76   0.75000  0.25000
77   0.76000  0.24000
78   0.77000  0.23000
79   0.78000  0.22000
80   0.79000  0.21000
81   0.80000  0.20000
82   0.81000  0.19000
83   0.82000  0.18000
84   0.83000  0.17000
85   0.84000  0.16000
86   0.85000  0.15000
87   0.86000  0.14000
88   0.87000  0.13000
89   0.88000  0.12000
90   0.89000  0.11000
91   0.90000  0.10000
92   0.91000  0.09000
93   0.92000  0.08000
94   0.93000  0.07000
95   0.94000  0.06000
96   0.95000  0.05000
97   0.96000  0.04000
98   0.97000  0.03000
99   0.98000  0.02000
100  0.99000  0.01000
101  0.99999  0.00001
;