/* CONJUNTOS */
set N:= 1450 ;

/* PARAMETROS */
param P:= 71 ;
param R:= 77 ;
param c1:= 1 ;
param c2:= 0.2 ;
param nombre_instancia:= "1450-71_4.dat" ;

param : coordx coordy flag prob_ohca:=
1 7639 5785 0 0.31
2 8778 5963 0 0.95
3 8337 4173 0 0.51
4 7239 4877 0 0.92
5 8560 4296 0 0.3
6 8731 5648 0 0.56
7 7987 4253 0 0.62
8 7518 4918 0 0.48
9 8477 5969 0 0.54
10 7342 5503 0 0.78
11 9018 5657 0 0.92
12 7540 4177 0 0.8
13 8723 5496 0 0.73
14 9125 5825 0 0.72
15 7298 5997 0 0.91
16 7708 4280 0 0.97
17 7363 6067 0 0.6
18 7251 5300 0 0.91
19 8684 5608 0 0.4
20 8981 4931 0 0.76
21 8047 5717 0 0.95
22 7519 4980 0 0.21
23 7740 5333 0 0.36
24 8394 5729 0 0.13
25 8190 5262 0 0.74
26 9104 5873 0 0.67
27 7306 5009 0 0.73
28 7323 4868 0 0.77
29 8746 5005 0 0.85
30 8628 4692 0 0.68
31 8367 5703 0 0.74
32 8283 5335 0 0.35
33 9007 5586 0 0.52
34 8634 5746 0 0.86
35 8353 4403 0 0.52
36 8180 4638 0 0.59
37 7834 4821 0 0.79
38 8232 5839 0 0.81
39 8419 5861 0 0.28
40 7341 5487 0 0.18
41 8807 5765 0 0.54
42 9181 4156 0 0.85
43 8550 5488 0 0.24
44 8913 5683 0 0.38
45 8302 5363 0 0.57
46 7911 4075 0 0.39
47 8299 5123 0 0.56
48 7438 5058 0 0.57
49 8163 4971 0 0.15
50 7570 5931 0 0.64
51 7556 4810 0 0.54
52 7829 5060 0 0.99
53 8953 4626 0 0.66
54 8737 5295 0 0.64
55 7491 5659 0 0.23
56 8059 5445 0 0.68
57 969 7361 0 0.39
58 1063 8019 0 0.86
59 2471 7002 0 0.75
60 1635 7784 0 0.6
61 1278 7044 0 0.79
62 1358 8219 0 0.85
63 2837 7439 0 0.4
64 1593 8931 0 0.25
65 1188 7618 0 0.44
66 2226 8659 0 0.82
67 2673 7942 0 0.29
68 2788 8651 0 0.82
69 1681 8236 0 0.6
70 1399 8209 0 0.67
71 1028 8174 0 0.88
72 2317 7690 0 0.83
73 1552 7263 0 0.29
74 2053 8904 0 0.81
75 2533 7340 0 0.34
76 2045 7108 0 0.97
77 1244 7422 0 0.89
78 2616 8764 0 0.94
79 1974 7333 0 0.7
80 1275 7530 0 0.3
81 2259 8105 0 0.83
82 2797 8503 0 0.79
83 2509 8710 0 0.44
84 2852 8643 0 0.39
85 939 7073 0 0.12
86 1715 8081 0 0.85
87 1675 8308 0 0.54
88 1279 7754 0 0.42
89 1308 7504 0 0.34
90 1710 8729 0 0.59
91 2818 7316 0 0.67
92 1640 7702 0 0.8
93 1082 8719 0 0.75
94 2315 7779 0 0.48
95 2373 8118 0 0.98
96 1107 7081 0 0.87
97 2850 8499 0 0.51
98 1773 8642 0 0.64
99 2025 7529 0 0.94
100 2532 8204 0 0.62
101 946 8295 0 0.49
102 2411 8952 0 0.53
103 2386 7637 0 0.44
104 2575 8946 0 0.41
105 1890 8058 0 0.78
106 2885 7905 0 0.96
107 1439 7003 0 0.75
108 996 7252 0 0.63
109 2646 7414 0 0.37
110 1733 8666 0 0.78
111 2579 7079 0 0.79
112 1946 7245 0 0.61
113 1953 516 0 0.29
114 1778 128 0 0.2
115 731 84 0 0.17
116 1443 1263 0 0.81
117 1056 759 0 0.57
118 1065 1205 0 0.51
119 1949 97 0 0.88
120 680 660 0 0.97
121 800 491 0 0.54
122 1463 491 0 0.31
123 1209 1230 0 0.11
124 397 116 0 0.14
125 740 1060 0 0.8
126 888 178 0 0.94
127 2004 934 0 0.69
128 652 87 0 0.47
129 1212 1012 0 0.6
130 1694 788 0 0.83
131 1911 952 0 0.82
132 1901 761 0 0.34
133 1667 1244 0 0.59
134 1501 483 0 0.81
135 1477 714 0 0.51
136 1853 7 0 0.25
137 1435 378 0 0.23
138 478 993 0 0.37
139 971 1026 0 1.0
140 369 438 0 0.51
141 279 949 0 0.45
142 598 580 0 0.79
143 809 710 0 0.78
144 705 761 0 0.12
145 1804 40 0 0.68
146 646 154 0 0.95
147 1727 377 0 0.36
148 1340 16 0 0.13
149 827 733 0 0.45
150 1945 659 0 0.63
151 751 392 0 0.33
152 785 700 0 0.69
153 221 1114 0 0.92
154 995 987 0 0.86
155 420 1006 0 0.97
156 1471 590 0 0.29
157 517 1074 0 0.79
158 1946 360 0 0.9
159 1762 774 0 0.84
160 1410 960 0 0.8
161 645 707 0 0.13
162 2015 937 0 0.78
163 1410 1006 0 0.4
164 426 1122 0 0.41
165 1924 442 0 0.36
166 1371 857 0 0.66
167 1582 307 0 0.86
168 426 1041 0 0.55
169 814 5493 0 0.32
170 1810 5800 0 0.38
171 1493 6747 0 0.58
172 2211 5883 0 0.56
173 1726 6866 0 0.65
174 741 5473 0 0.17
175 2028 5738 0 0.45
176 1936 6259 0 0.65
177 765 5194 0 0.85
178 1924 5683 0 0.48
179 929 5161 0 0.6
180 2001 5297 0 0.6
181 998 5517 0 0.49
182 1389 5601 0 0.63
183 2176 5605 0 0.9
184 2491 6735 0 0.68
185 1358 5594 0 0.65
186 2064 5624 0 0.71
187 2382 5929 0 0.52
188 1643 6519 0 0.95
189 1514 6138 0 0.81
190 1044 6510 0 0.25
191 2154 5697 0 0.8
192 2272 5610 0 0.7
193 1175 6486 0 0.54
194 953 4978 0 0.48
195 2195 4898 0 0.15
196 758 6645 0 0.62
197 925 5579 0 0.54
198 2463 5762 0 0.43
199 2562 5547 0 0.24
200 2094 5947 0 0.41
201 1903 5986 0 0.21
202 1329 4947 0 0.93
203 1493 6673 0 0.41
204 1956 6451 0 0.89
205 1281 5667 0 0.8
206 969 5557 0 0.72
207 1921 5890 0 0.77
208 1669 6634 0 0.61
209 1049 5113 0 0.83
210 1889 5281 0 0.42
211 768 5119 0 0.37
212 1962 5785 0 0.71
213 1824 6348 0 0.32
214 1615 6343 0 0.83
215 1600 4929 0 0.98
216 2186 5519 0 0.81
217 1991 5329 0 0.6
218 964 4929 0 0.36
219 1554 6436 0 0.97
220 831 5256 0 0.89
221 2127 6733 0 0.43
222 2597 4918 0 0.39
223 1654 6617 0 0.61
224 2113 6751 0 0.35
225 8134 364 0 0.79
226 7125 1437 0 0.88
227 7680 1564 0 0.18
228 8717 1233 0 0.57
229 7905 266 0 0.85
230 8586 254 0 0.33
231 8597 1005 0 0.67
232 6926 301 0 0.15
233 8296 932 0 0.73
234 7621 1154 0 0.25
235 7614 1246 0 0.19
236 7163 895 0 0.62
237 8296 546 0 0.27
238 8680 1388 0 0.32
239 8299 968 0 0.55
240 7183 276 0 0.72
241 8553 1469 0 0.19
242 8627 1086 0 0.79
243 7991 1315 0 0.21
244 8273 1062 0 0.8
245 8157 764 0 0.68
246 7880 1609 0 0.34
247 7926 378 0 0.29
248 8466 1606 0 0.49
249 6778 1609 0 0.48
250 7531 1009 0 0.44
251 7422 91 0 0.2
252 7989 693 0 0.87
253 7993 383 0 0.51
254 6777 1275 0 0.53
255 7906 553 0 0.29
256 8730 183 0 0.47
257 7813 1063 0 0.95
258 6818 1218 0 0.47
259 8690 24 0 0.66
260 8383 1303 0 0.35
261 6916 173 0 0.68
262 7473 313 0 0.55
263 6812 1460 0 0.66
264 7879 1209 0 0.35
265 7921 1082 0 0.92
266 7363 389 0 0.44
267 8452 945 0 0.64
268 8148 904 0 0.65
269 8497 1246 0 0.61
270 8144 98 0 0.22
271 8773 1046 0 0.16
272 8019 854 0 0.28
273 7922 701 0 0.8
274 7988 1331 0 0.18
275 7591 1519 0 0.79
276 7873 1204 0 0.1
277 7680 854 0 0.72
278 6903 365 0 0.19
279 6851 1160 0 0.9
280 8633 1391 0 0.3
281 3048 9105 0 0.63
282 3061 8670 0 0.71
283 2725 8141 0 0.95
284 2942 7765 0 0.96
285 2940 7557 0 0.65
286 3693 8776 0 0.35
287 2844 7862 0 0.45
288 3037 7974 0 0.42
289 4096 7932 0 0.68
290 4285 9052 0 0.64
291 4263 8260 0 0.47
292 3024 9351 0 0.92
293 3297 8406 0 0.55
294 3383 7463 0 0.42
295 2740 8499 0 0.15
296 3682 8132 0 0.21
297 2774 9190 0 0.62
298 3074 9282 0 0.76
299 3651 8530 0 0.28
300 4062 7507 0 0.35
301 2877 7657 0 0.19
302 2999 7932 0 0.57
303 2632 7725 0 0.78
304 3394 8947 0 0.94
305 2838 8509 0 0.83
306 3865 9066 0 0.39
307 3620 9071 0 0.4
308 2472 8176 0 0.46
309 3031 9277 0 0.93
310 2831 7849 0 0.31
311 4041 7539 0 0.56
312 2600 8552 0 0.71
313 3047 9168 0 0.7
314 3662 8228 0 0.43
315 2743 7927 0 0.86
316 3001 7842 0 0.82
317 3031 8292 0 0.15
318 2918 9019 0 0.95
319 3485 7757 0 0.63
320 3417 8141 0 0.18
321 4294 9061 0 0.77
322 2343 7908 0 0.24
323 2467 9405 0 0.62
324 2586 8960 0 0.21
325 3478 7734 0 0.88
326 3367 7844 0 0.31
327 2720 8024 0 0.75
328 2602 8141 0 0.35
329 3100 8317 0 0.62
330 2647 7431 0 0.3
331 4145 7909 0 0.23
332 3880 8392 0 0.6
333 3147 7646 0 0.12
334 2738 8840 0 0.37
335 3878 7549 0 0.52
336 2459 8038 0 0.73
337 1715 4147 0 0.52
338 2947 3632 0 0.92
339 3094 5501 0 0.9
340 2554 4377 0 0.94
341 2151 4724 0 0.91
342 3102 3889 0 0.2
343 2941 4824 0 0.45
344 3020 5526 0 0.51
345 2571 3551 0 0.96
346 2107 5393 0 0.12
347 2629 5315 0 0.39
348 2727 5460 0 0.16
349 2288 4532 0 0.13
350 3180 5499 0 0.34
351 2486 4149 0 0.84
352 3199 5357 0 0.93
353 1995 3671 0 0.36
354 2579 4595 0 0.56
355 3060 5140 0 0.91
356 2437 5448 0 0.83
357 2134 5493 0 0.4
358 3530 5424 0 0.52
359 3063 4509 0 0.48
360 2700 5429 0 0.85
361 3112 3568 0 0.83
362 2937 3924 0 0.93
363 1966 5043 0 0.61
364 2249 5415 0 0.14
365 2367 3746 0 0.71
366 3306 3736 0 0.82
367 2610 5152 0 0.24
368 2974 4009 0 0.24
369 2545 3879 0 0.73
370 3496 3858 0 0.49
371 2865 4338 0 0.1
372 3181 4573 0 0.17
373 3032 4301 0 0.26
374 3228 5405 0 0.53
375 2575 4655 0 0.72
376 2365 3862 0 0.86
377 2402 3683 0 0.64
378 2249 3918 0 0.87
379 2940 4260 0 0.81
380 1789 4413 0 0.12
381 3171 4267 0 0.61
382 2202 3976 0 0.19
383 3478 4762 0 0.5
384 1807 5255 0 0.4
385 3173 5453 0 0.8
386 2065 4278 0 0.86
387 2070 3664 0 0.69
388 1999 3932 0 0.88
389 2633 3584 0 0.26
390 3127 4639 0 0.97
391 2483 5207 0 0.26
392 1824 4698 0 0.59
393 4365 9492 0 0.85
394 3185 9701 0 0.45
395 4438 9054 0 0.99
396 3999 8812 0 0.79
397 3530 9389 0 0.85
398 4651 9064 0 0.21
399 4403 9005 0 0.76
400 3598 9076 0 0.57
401 5040 9547 0 0.66
402 4742 9952 0 0.4
403 3674 9617 0 0.27
404 4158 9435 0 0.2
405 3413 9941 0 0.32
406 3771 9366 0 0.21
407 3324 9445 0 0.28
408 4119 9053 0 0.89
409 3892 9506 0 0.59
410 3820 9911 0 0.99
411 3885 8747 0 0.7
412 3924 9664 0 0.47
413 3880 8991 0 0.6
414 4272 9415 0 0.61
415 3466 9610 0 0.72
416 3246 9899 0 0.79
417 4991 9348 0 0.43
418 5054 8754 0 0.17
419 5020 9918 0 0.7
420 3652 9155 0 0.5
421 3279 9881 0 0.3
422 3197 8988 0 0.67
423 4121 9577 0 0.62
424 3217 9117 0 0.18
425 3699 9557 0 0.29
426 3320 8772 0 0.53
427 4547 8918 0 0.93
428 3261 8871 0 0.35
429 3923 9095 0 0.97
430 3479 9024 0 0.75
431 3649 8779 0 0.53
432 4352 9935 0 0.64
433 4683 9433 0 0.37
434 3922 8891 0 0.76
435 3875 9806 0 0.13
436 4578 8929 0 0.42
437 4014 9691 0 0.88
438 3836 9685 0 0.52
439 3551 9532 0 0.28
440 3683 8876 0 0.32
441 4975 9857 0 0.76
442 4082 9613 0 0.45
443 5027 9037 0 0.75
444 4404 8833 0 0.46
445 3397 9723 0 0.69
446 3879 9063 0 0.24
447 4922 9521 0 0.75
448 3674 9352 0 0.62
449 2537 8106 0 1.0
450 1846 9892 0 0.14
451 2035 8189 0 0.67
452 2721 8440 0 0.51
453 1641 9931 0 0.63
454 1023 9721 0 0.53
455 1215 8664 0 0.7
456 2122 8666 0 0.28
457 859 8293 0 0.48
458 821 9538 0 0.95
459 1463 8655 0 0.84
460 2591 9830 0 0.57
461 2297 8345 0 0.31
462 1580 9225 0 0.6
463 1756 9327 0 0.89
464 2575 8512 0 0.87
465 1546 9116 0 0.18
466 2377 9870 0 0.81
467 2761 8582 0 0.12
468 1857 9824 0 0.29
469 2775 8759 0 0.52
470 1630 8715 0 0.16
471 2215 8781 0 0.68
472 2712 9892 0 0.34
473 1121 9585 0 0.51
474 1101 8443 0 0.12
475 2300 8690 0 0.86
476 1644 9022 0 0.34
477 1235 8400 0 0.16
478 2326 9269 0 0.51
479 2293 8482 0 0.75
480 1034 9589 0 0.94
481 1257 9745 0 0.73
482 1370 8520 0 0.94
483 1705 9533 0 0.24
484 986 9084 0 0.75
485 1891 9919 0 0.86
486 2156 8485 0 0.46
487 1738 9292 0 0.86
488 1159 9305 0 0.65
489 928 9781 0 0.13
490 2028 9363 0 0.73
491 1491 8529 0 0.92
492 1572 9790 0 0.36
493 1365 9555 0 0.17
494 1231 9552 0 0.41
495 1773 8479 0 0.15
496 1737 8336 0 0.47
497 1686 9130 0 0.8
498 1319 8717 0 0.47
499 1727 8271 0 0.39
500 2497 9084 0 0.96
501 1537 9761 0 0.14
502 1870 9945 0 0.81
503 1292 8856 0 0.35
504 1888 9720 0 0.41
505 4171 7869 0 0.89
506 382 1439 0 0.26
507 1709 5483 0 0.49
508 5126 4365 0 0.43
509 1808 1048 0 0.66
510 3754 6116 0 0.8
511 3620 1735 0 0.18
512 3063 6167 0 0.53
513 6567 3069 0 0.27
514 466 1519 0 0.21
515 8454 1386 0 0.81
516 2381 6910 0 0.18
517 1413 2370 0 0.78
518 14 3425 0 0.8
519 2865 296 0 0.99
520 589 1128 0 0.95
521 3457 6715 0 0.22
522 6444 2200 0 0.29
523 1771 3289 0 0.98
524 4419 1512 0 0.39
525 9301 383 0 0.82
526 3371 327 0 0.76
527 1557 2573 0 0.76
528 7596 1137 0 0.71
529 2297 3530 0 0.27
530 6618 8275 0 0.48
531 108 9301 0 0.67
532 3224 9098 0 0.2
533 6415 2545 0 0.99
534 2838 9453 0 0.38
535 9746 8029 0 0.47
536 4098 2776 0 0.56
537 8463 2154 0 0.63
538 3323 4485 0 0.39
539 4631 1676 0 0.69
540 4550 2495 0 0.38
541 7802 8124 0 0.64
542 2741 3252 0 0.36
543 7546 2251 0 0.23
544 5751 5950 0 0.88
545 8938 7487 0 0.63
546 4072 3981 0 0.63
547 2267 3355 0 0.67
548 3849 7735 0 0.89
549 737 6845 0 0.18
550 4849 4083 0 0.44
551 6471 6284 0 0.94
552 1388 128 0 0.79
553 6272 7705 0 0.68
554 453 6047 0 0.39
555 5628 6480 0 0.13
556 7536 7612 0 0.29
557 9227 4160 0 0.51
558 278 2790 0 0.48
559 8035 3983 0 0.55
560 1110 7722 0 0.99
561 2129 423 0 0.14
562 8855 9092 0 0.89
563 9823 3027 0 0.25
564 9783 720 0 0.98
565 4750 8944 0 0.49
566 5529 980 0 0.95
567 5459 3526 0 0.88
568 6767 3528 0 0.16
569 6791 1901 0 0.59
570 3671 9469 0 0.95
571 1160 2012 0 0.57
572 6637 346 0 0.62
573 8739 8058 0 0.13
574 578 8467 0 0.88
575 8727 9800 0 0.66
576 5472 2482 0 0.66
577 3674 5502 0 0.81
578 3732 931 0 0.64
579 4124 9102 0 0.3
580 8781 1010 0 0.37
581 7182 7737 0 0.89
582 3720 8711 0 0.65
583 9337 9854 0 0.12
584 4869 7800 0 0.9
585 4122 5819 0 0.7
586 392 6911 0 0.6
587 4271 838 0 0.73
588 5505 3366 0 0.17
589 2365 4246 0 0.66
590 1471 6773 0 0.81
591 6671 3242 0 0.84
592 6044 829 0 0.47
593 5585 6492 0 0.73
594 7494 5989 0 0.89
595 9981 8736 0 0.39
596 5042 4689 0 0.28
597 7533 4213 0 0.49
598 5098 6289 0 0.95
599 7102 3152 0 0.76
600 1495 8250 0 0.34
601 3026 6655 0 0.22
602 5378 4907 0 0.98
603 8496 9690 0 0.27
604 4844 2308 0 0.13
605 8990 1282 0 0.15
606 5956 4469 0 0.72
607 3075 4350 0 0.93
608 4082 4097 0 0.86
609 7237 572 0 0.84
610 9541 2529 0 0.14
611 1599 1929 0 0.33
612 5273 567 0 0.55
613 860 2212 0 0.44
614 1780 6932 0 0.48
615 2586 2098 0 0.59
616 8899 281 0 0.39
617 8648 5875 0 0.86
618 408 2151 0 0.89
619 6034 7833 0 0.95
620 1940 63 0 0.19
621 4932 8614 0 0.95
622 4967 2106 0 0.58
623 6736 7226 0 0.89
624 2321 4478 0 0.49
625 1061 5111 0 0.49
626 6085 4508 0 0.68
627 9891 3456 0 0.47
628 6375 5535 0 0.69
629 3974 3274 0 0.62
630 2360 2158 0 0.86
631 1259 8278 0 0.26
632 3862 2958 0 0.15
633 2537 2175 0 0.66
634 1995 878 0 0.97
635 2847 7324 0 0.96
636 813 1558 0 0.88
637 3529 1748 0 0.19
638 967 2915 0 0.44
639 8885 5744 0 0.2
640 433 6145 0 0.48
641 2206 1302 0 0.67
642 9509 4990 0 0.41
643 1091 3126 0 0.16
644 65 9469 0 0.25
645 5277 8894 0 0.18
646 9762 4384 0 0.54
647 2359 1259 0 0.25
648 1439 2106 0 0.84
649 9323 890 0 0.94
650 5201 8585 0 0.12
651 912 9833 0 0.57
652 1748 1628 0 0.73
653 1878 4777 0 0.27
654 6280 9459 0 0.53
655 8691 8267 0 0.24
656 9147 1994 0 0.38
657 6305 350 0 0.72
658 3366 5358 0 0.9
659 270 1876 0 0.56
660 160 9977 0 0.89
661 7111 3538 0 0.86
662 6447 7308 0 0.65
663 2952 139 0 0.6
664 8296 394 0 0.2
665 8062 3692 0 0.17
666 2581 9553 0 0.43
667 317 8039 0 0.12
668 9250 4807 0 0.65
669 8497 2083 0 0.78
670 6984 692 0 0.79
671 5008 4056 0 0.58
672 2825 248 0 0.43
673 7230 2420 0 0.16
674 7951 7237 0 0.38
675 9525 6302 0 0.53
676 3769 967 0 0.15
677 8867 4597 0 0.58
678 6264 923 0 0.78
679 7415 2385 0 0.41
680 6196 9505 0 0.4
681 7313 4604 0 0.17
682 9367 2901 0 0.87
683 57 5743 0 0.94
684 2653 1594 0 0.7
685 3722 5110 0 0.6
686 1682 375 0 0.4
687 1475 2836 0 0.76
688 3988 3468 0 0.48
689 7938 3289 0 0.33
690 5310 6149 0 0.39
691 6350 7218 0 0.15
692 2243 1100 0 0.11
693 6012 390 0 0.3
694 5488 3860 0 0.31
695 790 7714 0 0.86
696 3074 1592 0 0.19
697 4861 4384 0 0.89
698 5701 1126 0 0.86
699 7577 4688 0 0.69
700 1964 5064 0 0.3
701 6794 588 0 0.23
702 5900 7512 0 0.94
703 6472 1848 0 0.76
704 2838 6588 0 0.23
705 460 5334 0 0.56
706 3383 3356 0 0.22
707 7361 3285 0 0.92
708 9813 8864 0 0.91
709 4750 4785 0 0.73
710 8029 7886 0 0.95
711 6416 4704 0 0.35
712 2641 1318 0 0.15
713 4233 2239 0 0.56
714 6846 1870 0 0.81
715 6866 2424 0 0.66
716 6257 5705 0 0.99
717 6594 8765 0 0.99
718 9383 9309 0 0.48
719 9082 3659 0 0.52
720 5001 8161 0 0.44
721 1462 1988 0 0.94
722 8074 1402 0 0.73
723 4065 426 0 0.97
724 9841 8349 0 0.73
725 94 2824 0 0.8
726 7574 5281 0 0.63
727 564 417 0 0.38
728 5445 5651 0 0.63
729 4476 7060 0 0.7
730 577 6152 0 0.35
731 8516 2901 0 0.31
732 7261 4794 0 0.23
733 4732 5690 0 0.21
734 1442 3030 0 0.51
735 275 1519 0 0.39
736 4530 5071 0 0.96
737 2345 7468 0 0.2
738 7615 2675 0 0.48
739 8859 88 0 0.31
740 9437 8804 0 0.23
741 5798 9401 0 0.47
742 2185 3634 0 0.42
743 8891 6658 0 0.28
744 752 6903 0 0.67
745 7550 2224 0 0.27
746 4547 2580 0 0.39
747 731 6483 0 0.39
748 5877 9834 0 0.48
749 5591 8394 0 0.2
750 135 2433 0 0.79
751 1541 907 0 0.82
752 9188 2861 0 0.59
753 2648 4380 0 0.74
754 9368 8258 0 0.52
755 6581 9943 0 0.37
756 5706 5926 0 0.55
757 5879 1038 0 0.91
758 9585 9877 0 0.25
759 4600 9010 0 0.42
760 3840 6013 0 0.58
761 9444 2612 0 0.87
762 8695 3281 0 0.17
763 8207 6451 0 0.87
764 769 6992 0 0.2
765 1331 6900 0 0.57
766 9981 1477 0 0.14
767 1341 5297 0 0.5
768 8903 3535 0 0.34
769 2679 9756 0 0.79
770 6734 7103 0 0.21
771 3791 7206 0 0.84
772 4057 4022 0 0.7
773 8805 1281 0 0.41
774 355 8299 0 0.97
775 7741 8833 0 0.54
776 2073 6532 0 0.52
777 377 2634 0 0.9
778 5222 4200 0 0.76
779 8297 9563 0 0.37
780 9358 1423 0 0.22
781 2557 478 0 0.28
782 796 163 0 0.83
783 2932 4224 0 0.5
784 5901 8431 0 0.67
785 2618 913 0 0.96
786 4843 1249 0 0.32
787 9478 743 0 0.65
788 5693 8929 0 0.18
789 7212 6663 0 0.76
790 3644 3855 0 0.58
791 2050 3864 0 0.46
792 8959 7740 0 0.58
793 1465 7848 0 0.26
794 9526 4168 0 0.84
795 9010 3223 0 0.95
796 3953 9121 0 0.68
797 8176 7994 0 0.78
798 5288 2073 0 0.71
799 7846 1287 0 0.95
800 4006 2724 0 0.78
801 4177 2623 0 0.21
802 9598 2649 0 0.26
803 4393 2360 0 0.89
804 3400 7669 0 0.2
805 8290 7433 0 0.57
806 4858 2317 0 0.18
807 5047 3812 0 0.82
808 3989 6516 0 0.92
809 8748 3664 0 0.88
810 5964 1068 0 0.23
811 8885 8704 0 0.82
812 5684 7981 0 0.46
813 8933 3399 0 0.35
814 552 6965 0 0.26
815 5679 2068 0 0.24
816 1186 2272 0 0.72
817 916 438 0 0.7
818 9918 2344 0 0.68
819 5528 97 0 0.34
820 9552 5835 0 0.29
821 759 4340 0 0.25
822 9677 6839 0 0.18
823 3713 1078 0 0.74
824 646 3424 0 0.63
825 3747 5162 0 0.45
826 6109 8500 0 0.32
827 4330 8980 0 0.17
828 449 3854 0 0.69
829 6136 9225 0 0.76
830 3534 2248 0 0.99
831 3640 8261 0 0.52
832 8065 1551 0 0.87
833 2743 9309 0 0.31
834 2343 9278 0 0.9
835 5334 1912 0 0.71
836 2917 2669 0 0.82
837 3633 5777 0 0.17
838 6037 623 0 0.9
839 7470 503 0 0.38
840 71 6224 0 0.58
841 2798 6055 0 0.74
842 510 1828 0 0.9
843 8991 7430 0 0.47
844 502 4044 0 0.24
845 4778 9798 0 0.66
846 985 4230 0 0.71
847 2118 511 0 0.51
848 6903 6488 0 0.25
849 831 9731 0 0.7
850 3453 1296 0 0.18
851 5023 9005 0 0.36
852 9554 7813 0 0.57
853 3653 4799 0 0.85
854 8326 2221 0 0.67
855 9948 2318 0 0.8
856 1266 3494 0 0.16
857 2015 9455 0 0.97
858 8799 5965 0 0.49
859 6933 4615 0 0.75
860 9082 8381 0 0.75
861 4361 8940 0 0.84
862 9353 1185 0 0.29
863 4492 7944 0 0.97
864 2016 2007 0 0.83
865 1531 3914 0 0.15
866 3167 1470 0 0.52
867 4137 8388 0 0.58
868 6677 6448 0 0.58
869 4119 1749 0 0.35
870 2236 8193 0 0.67
871 8855 3478 0 0.86
872 5034 273 0 0.42
873 2448 3972 0 0.63
874 30 5191 0 0.9
875 2137 2672 0 0.53
876 8314 9217 0 0.97
877 9493 2622 0 0.68
878 3309 9313 0 0.95
879 444 1131 0 0.32
880 818 3838 0 0.41
881 8959 9898 0 0.51
882 3531 9628 0 0.57
883 593 1037 0 0.96
884 7767 7428 0 0.32
885 5462 5861 0 0.61
886 8733 5662 0 0.81
887 1323 8113 0 0.44
888 9651 1507 0 0.59
889 2597 9169 0 0.71
890 581 2213 0 0.74
891 869 1513 0 0.6
892 5508 1788 0 0.89
893 8891 7284 0 0.86
894 3932 6547 0 0.63
895 6768 2075 0 0.42
896 4269 7029 0 0.58
897 5910 1814 0 0.34
898 5693 2295 0 0.42
899 2690 3857 0 0.17
900 757 7815 0 0.66
901 800 4332 0 0.34
902 3579 3021 0 0.21
903 4654 6945 0 0.9
904 3250 449 0 0.93
905 1003 3641 0 0.24
906 3425 5523 0 0.6
907 1158 7140 0 0.37
908 1922 2357 0 0.47
909 1599 4116 0 0.62
910 9792 2928 0 0.11
911 5275 7498 0 0.45
912 5471 4912 0 0.3
913 7206 2460 0 0.2
914 9806 7659 0 0.39
915 9169 2170 0 0.37
916 7484 5398 0 0.95
917 9551 362 0 0.81
918 8399 4603 0 0.34
919 426 1003 0 0.9
920 9371 8244 0 0.87
921 953 3475 0 0.12
922 4416 5087 0 0.15
923 3592 2294 0 0.11
924 6541 7836 0 0.55
925 5559 9694 0 0.43
926 649 4297 0 0.55
927 5208 9758 0 0.79
928 6716 5715 0 0.73
929 1550 4793 0 0.65
930 3279 6273 0 0.2
931 311 860 0 0.79
932 5542 2884 0 0.66
933 5238 8537 0 0.78
934 2514 1993 0 0.44
935 651 6286 0 0.51
936 8762 5082 0 0.67
937 4310 528 0 0.38
938 3857 2526 0 0.12
939 4084 4003 0 0.72
940 9182 8521 0 0.89
941 306 4754 0 0.52
942 2426 8727 0 0.58
943 8104 1021 0 0.16
944 2340 5271 0 0.83
945 3882 8883 0 0.37
946 3862 2336 0 0.37
947 171 9042 0 0.12
948 5585 8540 0 0.7
949 4090 9341 0 0.65
950 7689 9507 0 0.51
951 6895 5795 0 0.56
952 8531 1218 0 0.44
953 8123 4844 0 0.3
954 6227 2788 0 0.36
955 4195 6942 0 0.76
956 9568 3049 0 0.76
957 8063 5084 0 0.65
958 2161 1926 0 0.84
959 118 5262 0 0.54
960 8761 3815 0 0.91
961 3855 7265 0 0.5
962 5293 1663 0 0.57
963 4149 2844 0 0.22
964 122 9919 0 0.82
965 5306 7592 0 0.32
966 2798 7146 0 0.7
967 8116 6970 0 0.81
968 5613 896 0 0.86
969 107 8956 0 0.29
970 5054 8772 0 0.86
971 8202 6664 0 0.22
972 4729 5687 0 0.18
973 3121 3482 0 0.47
974 3183 6984 0 0.58
975 8814 5617 0 0.43
976 4716 7699 0 0.19
977 5400 3150 0 0.83
978 5840 8004 0 0.77
979 373 6463 0 0.46
980 779 7340 0 0.67
981 4691 5597 0 0.39
982 5908 2203 0 0.92
983 1780 5739 0 0.6
984 909 2102 0 0.56
985 9960 441 0 0.86
986 2108 6858 0 0.88
987 4283 2142 0 0.29
988 7483 527 0 0.41
989 4109 5352 0 0.73
990 9969 4782 0 0.84
991 2412 2254 0 0.95
992 2550 9135 0 0.6
993 7243 5588 0 0.79
994 1488 970 0 0.48
995 2873 7346 0 0.14
996 2037 9751 0 0.22
997 4499 1449 0 0.72
998 6181 7638 0 0.16
999 8511 5662 0 0.47
1000 1967 1207 0 0.58
1001 1764 9318 0 0.49
1002 7046 5889 0 0.76
1003 804 7468 0 0.46
1004 5723 4241 0 0.58
1005 7753 3319 0 1.0
1006 2553 2930 0 0.44
1007 4793 6583 0 0.91
1008 924 6665 0 0.62
1009 1139 5937 0 0.35
1010 9149 9619 0 0.15
1011 4767 4958 0 0.14
1012 3496 3286 0 0.82
1013 8031 9367 0 0.57
1014 6551 1094 0 0.83
1015 1150 1443 0 0.54
1016 6308 3227 0 0.14
1017 5200 2907 0 0.75
1018 8461 8172 0 0.35
1019 4104 599 0 0.29
1020 10 8502 0 0.62
1021 6100 3541 0 0.26
1022 7090 3320 0 0.47
1023 9831 168 0 0.79
1024 9023 1368 0 0.26
1025 4033 2049 0 0.8
1026 9849 8842 0 0.42
1027 1528 9561 0 0.14
1028 4402 9727 0 0.97
1029 2414 604 0 0.25
1030 1266 3395 0 0.4
1031 9922 2737 0 0.9
1032 9970 7069 0 0.48
1033 4088 9123 0 0.97
1034 3078 7465 0 0.65
1035 9330 4012 0 0.38
1036 5936 4403 0 0.18
1037 8523 1102 0 0.27
1038 9327 9900 0 0.96
1039 3638 5453 0 0.78
1040 380 843 0 0.71
1041 782 7308 0 0.47
1042 3452 5581 0 0.31
1043 8778 1821 0 0.34
1044 6626 4258 0 0.44
1045 8995 5245 0 0.27
1046 4423 1648 0 0.22
1047 8286 7003 0 0.92
1048 462 3972 0 0.75
1049 7913 5246 0 0.65
1050 2250 7699 0 0.27
1051 7702 2691 0 0.4
1052 277 8570 0 0.47
1053 5629 9873 0 0.62
1054 3212 8470 0 0.65
1055 268 2305 0 0.56
1056 5030 6102 0 0.42
1057 8042 9877 0 0.71
1058 7185 1010 0 0.47
1059 5216 3229 0 0.57
1060 8114 3330 0 0.84
1061 7655 9511 0 0.68
1062 4681 8423 0 0.83
1063 4322 6792 0 0.47
1064 2722 3818 0 0.48
1065 3359 387 0 0.49
1066 557 6101 0 0.85
1067 8755 2332 0 0.54
1068 7464 9694 0 0.24
1069 6348 6057 0 0.11
1070 9142 7940 0 0.24
1071 3425 962 0 0.43
1072 9404 356 0 0.8
1073 72 9011 0 0.92
1074 5484 3115 0 0.73
1075 6333 8701 0 0.94
1076 843 1152 0 0.71
1077 4977 3598 0 0.63
1078 4088 351 0 0.27
1079 1893 368 0 0.49
1080 3827 8560 0 0.57
1081 7706 8265 0 0.14
1082 6795 5372 0 0.26
1083 6504 9970 0 0.35
1084 9368 6678 0 0.75
1085 1757 8848 0 0.1
1086 1153 5385 0 0.85
1087 1604 2147 0 0.3
1088 2487 4769 0 0.9
1089 5819 3388 0 0.94
1090 659 3129 0 0.46
1091 3875 2448 0 0.83
1092 4888 1073 0 0.94
1093 3460 6183 0 0.57
1094 2888 4503 0 0.27
1095 2241 8688 0 0.99
1096 5164 5011 0 0.67
1097 8248 3257 0 0.63
1098 7688 7895 0 0.69
1099 6331 8384 0 0.32
1100 4430 2685 0 0.92
1101 4307 4996 0 0.72
1102 8863 6494 0 0.24
1103 567 1831 0 0.14
1104 3894 5016 0 0.15
1105 7174 5669 0 0.69
1106 4980 523 0 0.26
1107 4215 3993 0 0.12
1108 432 6702 0 0.56
1109 7395 5363 0 0.83
1110 4523 1675 0 0.48
1111 3007 7091 0 0.4
1112 337 8848 0 0.14
1113 8053 3757 0 0.98
1114 8763 1622 0 0.61
1115 6291 9572 0 0.43
1116 5839 3570 0 0.77
1117 6289 8339 0 0.93
1118 4084 3370 0 0.83
1119 4583 3436 0 0.28
1120 8921 475 0 0.38
1121 4725 112 0 0.25
1122 5891 3926 0 0.67
1123 8952 4018 0 0.64
1124 9963 6959 0 0.32
1125 9871 563 0 0.83
1126 4486 1314 0 0.22
1127 8540 497 0 0.23
1128 7288 6393 0 0.49
1129 7101 8209 0 0.7
1130 8265 5061 0 0.92
1131 3707 4869 0 0.23
1132 9169 9288 0 0.71
1133 6030 557 0 0.48
1134 547 9815 0 0.38
1135 8724 8906 0 0.34
1136 5315 3711 0 0.51
1137 5500 8297 0 1.0
1138 6959 6694 0 0.98
1139 5373 3840 0 0.25
1140 8150 9171 0 0.58
1141 5652 3340 0 0.4
1142 5592 4896 0 0.93
1143 5101 3537 0 0.27
1144 3207 6160 0 0.49
1145 2389 4442 0 0.43
1146 3937 7496 0 0.37
1147 5489 6614 0 0.56
1148 3652 1213 0 0.62
1149 919 629 0 0.5
1150 2397 4445 0 0.54
1151 3718 1114 0 0.21
1152 3869 3751 0 0.47
1153 4157 2440 0 0.78
1154 4941 4786 0 0.95
1155 5002 7961 0 0.88
1156 280 385 0 0.1
1157 8073 3739 0 0.24
1158 5551 1556 0 0.13
1159 2740 3940 0 0.93
1160 1443 7867 0 0.6
1161 8130 4616 0 0.74
1162 2111 2198 0 0.95
1163 9905 2776 0 0.8
1164 7405 2743 0 0.92
1165 6983 1676 0 0.15
1166 981 9699 0 0.81
1167 2591 6611 0 0.69
1168 6493 1837 0 0.95
1169 4972 8340 0 0.6
1170 5735 3324 0 0.7
1171 9944 2002 0 0.43
1172 5731 678 0 0.15
1173 8204 7075 0 0.59
1174 4077 8405 0 0.57
1175 6348 1185 0 0.34
1176 6937 10000 0 0.94
1177 6549 7977 0 0.92
1178 7157 6472 0 0.48
1179 4027 6659 0 0.79
1180 3214 3956 0 0.1
1181 5448 7842 0 0.79
1182 4482 938 0 0.6
1183 6587 94 0 0.5
1184 1790 8572 0 0.98
1185 7727 6942 0 0.61
1186 5061 9741 0 0.29
1187 2941 6609 0 0.24
1188 8075 730 0 0.94
1189 8550 5115 0 0.47
1190 4592 239 0 0.19
1191 2194 5608 0 0.43
1192 9638 4843 0 0.51
1193 8212 5577 0 0.42
1194 4032 1042 0 0.94
1195 3480 4715 0 0.97
1196 5048 8059 0 0.84
1197 6142 8583 0 0.87
1198 3035 3974 0 0.1
1199 8048 8319 0 0.22
1200 9859 9123 0 0.89
1201 9658 2120 0 0.31
1202 4253 561 0 0.16
1203 9612 3304 0 0.62
1204 9613 4168 0 0.45
1205 7293 5722 0 0.34
1206 8308 8633 0 0.82
1207 506 6796 0 0.44
1208 467 5458 0 0.73
1209 6177 783 0 0.81
1210 688 4261 0 0.25
1211 2993 9906 0 0.22
1212 219 1344 0 0.97
1213 1700 5394 0 0.24
1214 6773 5270 0 0.67
1215 1733 6546 0 0.66
1216 1816 6258 0 0.83
1217 2900 4767 0 0.16
1218 1908 7110 0 0.12
1219 5833 2385 0 0.25
1220 5545 617 0 0.83
1221 5155 7941 0 0.46
1222 2807 2347 0 0.27
1223 6700 2820 0 0.47
1224 1039 3835 0 0.82
1225 4475 4407 0 0.98
1226 261 1633 0 0.38
1227 9411 7210 0 0.63
1228 9298 1497 0 0.46
1229 6887 1368 0 0.4
1230 3 4235 0 0.97
1231 1530 9731 0 0.29
1232 775 6373 0 0.33
1233 3543 9266 0 0.79
1234 8697 3088 0 0.89
1235 9405 1887 0 0.46
1236 2600 7733 0 0.35
1237 1654 5448 0 0.17
1238 1556 2393 0 0.86
1239 4502 278 0 0.33
1240 4957 883 0 0.38
1241 6184 154 0 0.11
1242 7086 4419 0 0.31
1243 6406 7667 0 0.26
1244 2705 8211 0 0.57
1245 146 9217 0 0.88
1246 8217 5930 0 0.62
1247 3253 840 0 0.75
1248 2995 7374 0 0.67
1249 2278 9299 0 0.2
1250 5007 7132 0 0.5
1251 3191 6181 0 0.83
1252 7971 6902 0 0.21
1253 7379 798 0 0.39
1254 2556 9123 0 0.23
1255 8381 6438 0 0.41
1256 1919 6008 0 0.97
1257 4858 9200 0 0.52
1258 4882 4972 0 0.34
1259 6595 6694 0 0.66
1260 1550 3520 0 0.34
1261 9422 3244 0 0.62
1262 3825 2059 0 0.58
1263 1984 8987 0 0.92
1264 7763 562 0 0.58
1265 6309 7628 0 0.53
1266 9445 6378 0 0.24
1267 2865 8067 0 0.13
1268 461 1307 0 0.78
1269 1005 1309 0 0.66
1270 163 3864 0 0.44
1271 6958 1365 0 0.25
1272 9256 4303 0 0.35
1273 855 4429 0 0.47
1274 7147 3700 0 0.19
1275 2596 8524 0 0.49
1276 9659 82 0 0.23
1277 3956 2994 0 0.83
1278 6576 2643 0 0.38
1279 9142 6098 0 0.42
1280 8119 711 0 0.78
1281 5280 3197 0 0.18
1282 2499 2542 0 0.76
1283 2234 6344 0 0.66
1284 1353 6925 0 0.83
1285 8322 5466 0 0.84
1286 1633 5008 0 0.5
1287 6056 9621 0 0.51
1288 7584 3958 0 0.15
1289 9754 3716 0 0.58
1290 5414 4119 0 0.24
1291 5689 374 0 0.48
1292 5197 5686 0 0.47
1293 4072 29 0 0.87
1294 7150 5447 0 0.21
1295 7632 8037 0 0.21
1296 5604 6691 0 0.61
1297 877 8337 0 0.71
1298 582 3462 0 0.48
1299 620 9368 0 0.81
1300 5759 3054 0 0.76
1301 8711 1686 0 0.51
1302 421 1639 0 0.78
1303 3677 1817 0 0.22
1304 5910 3065 0 0.89
1305 8548 7437 0 0.41
1306 8070 3085 0 0.18
1307 9719 4272 0 0.2
1308 6104 5479 0 0.97
1309 4395 2447 0 0.33
1310 2373 3392 0 0.38
1311 3414 1265 0 0.86
1312 2649 8203 0 0.44
1313 6829 4769 0 0.15
1314 4184 4082 0 0.24
1315 6402 8924 0 0.66
1316 3761 279 0 0.6
1317 2514 1500 0 0.21
1318 3681 3539 0 0.94
1319 4778 4920 0 0.57
1320 4956 6836 0 0.77
1321 142 7816 0 0.17
1322 8816 89 0 0.27
1323 8013 7105 0 0.29
1324 7965 5258 0 0.53
1325 5540 6054 0 0.5
1326 8546 7595 0 0.26
1327 7658 2378 0 0.86
1328 4493 2469 0 0.32
1329 3380 2461 0 0.37
1330 5705 349 0 0.87
1331 212 2482 0 0.49
1332 7181 202 0 0.39
1333 8972 8213 0 0.75
1334 9428 4048 0 1.0
1335 3520 2430 0 0.56
1336 2459 8721 0 0.25
1337 5362 6711 0 0.68
1338 6417 2305 0 0.83
1339 1725 5654 0 0.25
1340 5371 9540 0 0.21
1341 6001 2194 0 0.22
1342 1430 7129 0 0.32
1343 9695 5534 0 0.7
1344 5488 9241 0 0.13
1345 2885 2726 0 0.56
1346 7943 5311 0 0.14
1347 9404 4697 0 0.78
1348 3079 7051 0 0.86
1349 7037 8270 0 0.72
1350 6085 8584 0 0.61
1351 5036 6626 0 0.26
1352 7223 1756 0 0.64
1353 392 1948 0 0.43
1354 5507 4764 0 0.81
1355 4860 3432 0 0.15
1356 4866 7705 0 0.19
1357 3029 5464 0 0.65
1358 1270 4101 0 0.43
1359 7225 54 0 0.32
1360 280 8403 0 0.13
1361 3241 5111 0 0.55
1362 3410 5133 0 0.71
1363 1511 4934 0 0.37
1364 918 1240 0 0.49
1365 5921 1565 0 0.11
1366 6435 5839 0 0.22
1367 2118 1706 0 0.31
1368 4652 2830 0 0.34
1369 128 9443 0 0.29
1370 4361 7690 0 0.68
1371 5097 3259 0 0.64
1372 5595 9402 0 0.94
1373 5078 3842 0 0.79
1374 8462 5411 0 0.64
1375 4994 662 0 0.77
1376 1291 5843 0 0.22
1377 9833 694 0 0.2
1378 4007 9628 0 0.63
1379 1270 6716 0 0.63
1380 4860 2632 0 0.55
1381 9723 51 0 0.81
1382 953 4080 0 0.8
1383 1176 1048 0 0.8
1384 6510 4447 0 0.64
1385 5855 9473 0 0.12
1386 6318 7491 0 0.61
1387 3842 6125 0 0.22
1388 470 584 0 0.6
1389 9356 5347 0 0.15
1390 7824 94 0 0.82
1391 6143 6920 0 0.42
1392 8724 7547 0 0.43
1393 1422 413 0 0.71
1394 2962 8283 0 0.81
1395 1354 1735 0 0.45
1396 4847 711 0 0.67
1397 9372 1171 0 0.59
1398 3743 72 0 0.45
1399 4769 6637 0 0.51
1400 3387 9280 0 0.64
1401 7515 7379 0 0.82
1402 77 7180 0 0.23
1403 8019 6268 0 0.39
1404 1742 9432 0 0.47
1405 4230 3947 0 0.45
1406 8432 1232 0 0.93
1407 1599 9648 0 0.24
1408 7039 6161 0 0.44
1409 1413 2746 0 0.57
1410 2706 3519 0 0.77
1411 4190 3298 0 0.87
1412 5493 3337 0 0.3
1413 350 2716 0 0.25
1414 2278 7242 0 0.4
1415 4837 7014 0 0.69
1416 2545 1109 0 0.16
1417 4098 339 0 0.26
1418 5153 228 0 0.6
1419 9300 4069 0 0.62
1420 4866 5479 0 0.53
1421 1923 1081 0 0.51
1422 1364 7454 0 0.92
1423 279 1657 0 0.13
1424 9382 6341 0 0.39
1425 8057 911 0 0.23
1426 4015 8027 0 0.53
1427 7326 2937 0 0.6
1428 8778 1420 0 0.96
1429 8761 8681 0 0.76
1430 9269 1885 0 0.89
1431 3522 6738 0 0.47
1432 6659 9450 0 0.45
1433 3804 8506 0 0.21
1434 7209 4462 0 0.84
1435 4751 9825 0 0.25
1436 6168 5260 0 0.22
1437 2602 9583 0 0.58
1438 6996 5617 0 0.99
1439 7689 628 0 0.59
1440 8670 2919 0 0.13
1441 2742 8102 0 0.2
1442 9563 8139 0 0.52
1443 8118 914 0 0.94
1444 3580 1508 0 0.9
1445 327 8112 0 0.68
1446 9111 995 0 0.32
1447 5341 8249 0 0.11
1448 8134 9715 0 0.5
1449 108 3681 0 0.53
1450 5647 8780 0 0.14
;
