-77.75  15  - IDs instalados: 3 11 14 16 59 76 81 83 84 89 91 120 124 134 141 
-77.75  15  - IDs instalados: 3 11 14 16 59 76 81 83 84 89 91 120 124 134 141 
-77.75  15  - IDs instalados: 3 11 14 16 59 76 81 83 84 89 91 120 124 134 141 
-77.75  15  - IDs instalados: 3 11 14 16 59 76 81 83 84 89 91 120 124 134 141 
-77.75  15  - IDs instalados: 3 11 14 16 59 76 81 83 84 89 91 120 124 134 141 
-77.75  15  - IDs instalados: 3 11 14 16 59 76 81 83 84 89 91 120 124 134 141 
-77.75  15  - IDs instalados: 3 11 14 16 59 76 81 83 84 89 91 120 124 134 141 
-77.75  15  - IDs instalados: 3 11 14 16 59 76 81 83 84 89 91 120 124 134 141 
-77.75  15  - IDs instalados: 3 11 14 16 59 76 81 83 84 89 91 120 124 134 141 
-77.75  15  - IDs instalados: 3 11 14 16 59 76 81 83 84 89 91 120 124 134 141 
-77.75  15  - IDs instalados: 3 11 14 16 59 76 81 83 84 89 91 120 124 134 141 
-77.75  15  - IDs instalados: 3 11 14 16 59 76 81 83 84 89 91 120 124 134 141 
-77.75  15  - IDs instalados: 3 11 14 16 59 76 81 83 84 89 91 120 124 134 141 
-77.75  15  - IDs instalados: 3 11 14 16 59 76 81 83 84 89 91 120 124 134 141 
-77.75  15  - IDs instalados: 3 11 14 16 59 76 81 83 84 89 91 120 124 134 141 
-77.75  15  - IDs instalados: 3 11 14 16 59 76 81 83 84 89 91 120 124 134 141 
-77.75  15  - IDs instalados: 3 11 14 16 59 76 81 83 84 89 91 120 124 134 141 
-77.75  15  - IDs instalados: 3 11 14 16 59 76 81 83 84 89 91 120 124 134 141 
-77.75  15  - IDs instalados: 3 11 14 16 59 76 81 83 84 89 91 120 124 134 141 
-77.75  15  - IDs instalados: 3 11 14 16 59 76 81 83 84 89 91 120 124 134 141 
-77.75  15  - IDs instalados: 3 11 14 16 59 76 81 83 84 89 91 120 124 134 141 
-77.75  15  - IDs instalados: 3 11 14 16 59 76 81 83 84 89 91 120 124 134 141 
-77.75  15  - IDs instalados: 3 11 14 16 59 76 81 83 84 89 91 120 124 134 141 
-77.75  15  - IDs instalados: 3 11 14 16 59 76 81 83 84 89 91 120 124 134 141 
-77.75  15  - IDs instalados: 3 11 14 16 59 76 81 83 84 89 91 120 124 134 141 
-77.75  15  - IDs instalados: 3 11 14 16 59 76 81 83 84 89 91 120 124 134 141 
-77.75  15  - IDs instalados: 3 11 14 16 59 76 81 83 84 89 91 120 124 134 141 
-77.75  15  - IDs instalados: 3 11 14 16 59 76 81 83 84 89 91 120 124 134 141 
-71.92  15  - IDs instalados: 3 11 23 46 54 59 61 67 69 76 81 83 84 119 120 
-77.75  15  - IDs instalados: 3 11 14 16 59 76 81 83 84 89 91 120 124 134 141 
-79.75  116  - IDs instalados: 0 1 2 4 6 7 8 9 10 11 14 15 17 18 19 20 21 22 23 24 26 27 28 29 32 33 34 35 37 38 39 40 42 43 44 45 46 47 48 49 51 52 53 55 57 59 60 62 64 65 66 67 68 69 70 72 73 74 75 77 78 80 81 82 83 85 86 88 89 90 91 93 94 95 96 97 99 100 101 102 104 105 106 107 108 111 112 114 115 116 117 118 119 121 122 124 125 126 130 131 132 133 134 136 137 138 139 141 142 143 144 145 146 147 148 149 
-76.81  7  - IDs instalados: 4 40 55 56 112 118 142 
-79.75  130  - IDs instalados: 0 1 2 3 4 5 6 8 9 11 12 14 15 16 17 18 19 20 21 22 23 24 25 27 28 29 32 33 34 35 36 37 38 40 41 42 43 45 46 47 48 49 50 51 52 53 56 57 58 59 60 61 62 64 65 66 67 68 69 70 71 72 73 74 75 76 77 78 79 80 81 82 83 84 85 86 89 90 91 92 93 94 96 98 99 100 101 102 103 104 105 106 108 109 110 111 112 113 114 115 116 117 119 120 121 122 123 124 125 126 127 128 129 130 131 132 135 136 138 139 140 141 142 143 144 145 146 147 148 149 
-79.75  92  - IDs instalados: 1 2 4 5 8 10 11 13 15 18 19 20 21 22 23 25 26 27 28 29 31 35 36 38 39 40 42 43 44 45 46 47 48 49 51 52 53 55 56 57 59 61 62 63 65 68 69 75 77 79 80 81 83 84 85 86 87 89 90 91 94 95 97 99 100 101 102 105 108 110 111 117 120 121 122 123 124 126 127 129 130 132 133 134 135 137 138 140 142 145 146 149 
-79.75  28  - IDs instalados: 6 8 12 14 20 36 38 50 52 57 58 62 68 79 85 86 93 96 99 104 115 116 118 124 132 135 139 149 
-79.75  7  - IDs instalados: 30 42 69 83 89 127 140 
-79.75  83  - IDs instalados: 2 4 6 8 9 11 13 14 15 17 18 19 20 21 22 23 24 26 28 30 32 33 34 41 42 43 47 48 49 53 55 56 57 58 59 61 63 66 68 69 70 72 73 75 76 77 79 80 82 84 85 88 92 94 95 96 98 99 100 101 103 105 106 108 109 112 113 114 116 119 120 121 122 123 125 127 133 134 136 145 146 148 149 
-79.75  47  - IDs instalados: 0 6 9 11 17 21 22 28 29 32 39 40 42 46 48 51 53 54 55 58 60 61 67 68 73 77 80 84 85 92 96 101 103 104 110 112 116 121 122 128 130 131 132 134 138 144 147 
-79.75  119  - IDs instalados: 1 2 3 4 5 6 7 8 9 10 12 15 17 18 19 20 22 24 25 27 28 29 30 31 32 33 34 37 38 39 40 41 42 43 44 45 46 47 48 49 50 51 52 53 56 57 59 60 61 62 63 64 65 67 68 69 70 72 75 76 77 78 79 81 82 83 84 86 87 88 89 90 91 92 93 96 97 98 99 100 101 102 103 104 105 106 107 109 110 112 114 115 116 117 119 121 122 123 124 125 127 128 129 130 131 132 133 134 136 138 139 140 141 142 143 144 147 148 149 
-79.75  86  - IDs instalados: 0 3 4 5 7 9 12 14 15 16 19 22 23 26 27 28 29 31 33 34 36 39 41 42 46 47 50 52 55 58 59 60 61 66 69 70 71 72 73 74 77 78 80 81 82 88 89 90 92 93 97 98 100 101 102 103 106 109 110 111 112 113 114 115 116 118 120 123 124 125 126 127 130 131 132 133 134 137 138 139 140 142 143 145 146 148 
-79.75  134  - IDs instalados: 0 1 2 3 4 5 6 7 8 9 11 12 13 14 16 17 19 20 21 22 23 24 26 27 28 29 30 31 32 33 34 35 36 38 39 40 42 43 44 45 46 47 48 49 50 51 52 53 54 55 56 57 58 59 61 62 63 64 65 66 67 68 69 70 71 72 73 74 76 78 79 80 81 82 83 84 85 86 87 89 90 91 92 93 94 95 97 98 99 100 101 102 103 104 105 106 107 108 110 111 113 114 115 116 117 118 119 120 121 123 124 125 126 127 128 129 130 131 132 133 134 135 136 137 138 139 140 142 143 144 146 147 148 149 
-79.75  82  - IDs instalados: 1 2 3 4 6 8 9 14 17 18 21 22 23 24 25 26 27 28 29 31 32 34 36 38 40 42 43 49 51 54 55 56 57 58 59 62 63 66 67 69 70 71 73 74 77 78 80 81 82 83 84 86 87 88 91 94 95 96 99 100 101 103 104 106 111 112 113 114 115 116 118 122 123 127 129 130 132 136 140 142 145 149 
-79.75  103  - IDs instalados: 0 1 6 7 8 9 11 13 14 15 16 17 19 22 23 25 27 28 29 32 33 34 38 39 40 42 43 46 47 48 49 50 52 53 54 56 57 58 60 61 64 65 66 67 68 70 71 72 74 75 76 77 79 80 81 82 84 87 88 91 94 95 96 97 98 99 101 102 104 105 106 107 109 110 111 112 113 114 115 116 118 119 120 122 123 126 127 128 129 132 133 134 135 136 138 140 141 144 145 146 147 148 149 
-79.75  85  - IDs instalados: 4 5 6 8 10 12 13 15 17 20 21 22 23 24 26 30 34 35 36 39 40 44 46 47 48 50 51 54 56 57 58 59 62 63 64 67 70 72 74 79 80 83 84 86 87 90 91 92 93 95 96 97 100 101 102 103 106 108 109 110 113 114 115 117 118 120 121 122 125 127 129 130 132 134 135 136 138 139 140 141 144 145 147 148 149 
-79.75  74  - IDs instalados: 4 5 6 9 10 13 15 16 20 21 23 24 26 31 33 34 38 39 41 44 46 47 48 49 50 51 52 55 56 57 59 62 63 64 66 68 70 73 74 76 77 78 79 80 81 87 89 90 91 92 93 96 98 99 101 103 104 106 107 111 112 114 119 122 126 128 130 132 133 135 139 140 144 145 
-79.75  69  - IDs instalados: 0 1 7 12 16 17 19 20 21 22 24 25 28 32 34 36 40 41 42 44 51 52 53 58 59 63 66 68 69 71 73 74 76 77 79 81 83 84 85 86 88 91 92 96 98 102 104 105 112 114 116 119 121 123 124 126 128 129 131 133 135 136 137 141 142 143 144 145 148 
-79.75  24  - IDs instalados: 10 13 44 45 46 53 58 61 66 77 90 93 100 101 103 106 111 122 124 126 132 139 141 148 
-79.75  46  - IDs instalados: 4 12 16 23 26 31 34 40 43 44 45 48 50 51 52 53 55 57 62 63 67 68 70 77 79 82 84 86 95 98 100 105 106 107 111 116 117 120 121 129 132 139 140 142 143 149 
-79.75  137  - IDs instalados: 0 2 3 4 5 6 7 8 9 10 12 13 14 15 16 17 18 19 20 21 22 23 24 25 26 27 28 29 30 31 32 33 34 35 36 37 38 39 40 41 42 43 44 45 46 47 48 49 51 52 53 54 55 56 57 58 59 60 61 62 63 64 65 66 67 69 70 71 72 75 76 78 79 80 82 83 84 85 86 87 88 90 91 92 93 94 95 96 97 98 99 100 101 102 103 104 105 106 107 108 109 110 111 113 114 115 116 117 118 119 120 121 122 123 124 125 126 127 128 129 130 131 132 133 134 136 137 138 139 140 141 142 143 144 145 146 147 
-79.75  124  - IDs instalados: 0 2 4 5 6 8 9 10 12 13 14 15 16 17 18 20 21 22 23 25 26 27 28 29 30 31 33 35 36 37 38 39 40 41 42 43 44 45 46 48 49 52 57 58 59 60 61 63 64 65 66 67 69 70 71 72 73 74 75 76 77 78 79 80 81 82 83 84 85 86 87 88 89 90 91 92 93 94 95 96 97 99 100 101 102 103 104 105 106 107 109 110 111 112 114 115 116 118 119 121 123 124 125 126 127 129 130 131 132 133 134 135 136 137 138 139 140 142 143 145 146 147 148 149 
-79.75  20  - IDs instalados: 0 2 3 8 13 42 48 61 63 65 66 70 91 111 116 117 125 130 140 149 
-79.75  129  - IDs instalados: 1 2 3 4 5 6 8 9 10 11 12 13 14 15 16 17 18 19 20 21 22 23 24 25 26 27 28 30 31 32 34 35 36 38 39 40 41 42 44 45 46 47 48 49 50 51 52 54 57 58 59 60 62 63 64 65 66 67 68 69 70 71 73 74 75 76 78 80 81 82 83 84 86 87 88 89 90 91 92 93 94 96 97 98 99 100 101 102 104 105 106 107 108 109 110 111 112 113 114 115 116 117 118 120 122 124 125 126 127 128 129 131 132 133 134 136 137 138 139 140 141 142 143 144 145 146 147 148 149 
-79.75  109  - IDs instalados: 0 1 2 3 4 6 7 8 9 10 13 14 17 18 19 20 21 22 24 25 27 30 31 33 35 36 39 40 42 43 45 46 47 48 49 51 55 56 57 58 60 61 62 64 65 66 67 68 70 71 72 74 75 76 77 81 82 83 84 85 87 88 89 90 91 92 93 94 95 96 97 101 102 105 106 108 109 110 111 112 113 114 115 117 118 119 121 122 123 124 125 126 128 129 130 131 132 134 135 136 138 139 140 141 142 144 146 147 149 
-79.54  7  - IDs instalados: 20 42 61 99 103 128 140 
-79.75  29  - IDs instalados: 5 9 13 23 32 38 40 42 44 48 51 54 61 62 72 74 75 76 78 81 85 102 103 104 110 115 128 129 134 
-79.75  38  - IDs instalados: 0 1 4 13 15 21 22 25 26 28 31 33 38 39 44 48 54 55 57 64 70 72 73 79 82 92 93 95 102 103 105 113 114 116 122 133 141 149 
-79.75  83  - IDs instalados: 0 1 6 9 11 14 15 17 18 21 22 23 25 26 29 30 33 34 35 36 38 39 41 42 43 45 48 50 51 52 53 54 56 59 60 61 64 65 67 68 69 71 72 78 81 82 83 84 86 88 89 90 91 93 94 96 97 103 104 105 106 107 108 109 117 120 122 124 126 127 128 130 136 137 138 139 140 142 143 144 146 147 148 
-79.75  33  - IDs instalados: 0 6 16 17 34 35 42 49 55 60 61 66 73 74 76 83 88 89 90 98 102 105 107 110 111 112 121 127 130 134 136 144 145 
-79.75  150  - IDs instalados: 0 1 2 3 4 5 6 7 8 9 10 11 12 13 14 15 16 17 18 19 20 21 22 23 24 25 26 27 28 29 30 31 32 33 34 35 36 37 38 39 40 41 42 43 44 45 46 47 48 49 50 51 52 53 54 55 56 57 58 59 60 61 62 63 64 65 66 67 68 69 70 71 72 73 74 75 76 77 78 79 80 81 82 83 84 85 86 87 88 89 90 91 92 93 94 95 96 97 98 99 100 101 102 103 104 105 106 107 108 109 110 111 112 113 114 115 116 117 118 119 120 121 122 123 124 125 126 127 128 129 130 131 132 133 134 135 136 137 138 139 140 141 142 143 144 145 146 147 148 149 
-79.75  136  - IDs instalados: 0 1 2 3 4 5 6 7 8 9 10 11 12 13 14 15 16 17 18 20 21 22 24 26 27 28 29 30 31 32 33 34 35 36 37 38 40 41 42 43 44 45 46 47 49 50 51 52 53 55 56 57 58 59 60 61 63 64 65 66 67 68 69 70 72 73 74 75 76 77 78 79 80 81 82 83 85 86 87 88 89 90 91 92 93 94 95 96 97 99 100 101 102 103 105 106 107 108 109 110 111 112 113 114 115 116 117 118 119 120 121 122 123 124 126 127 128 129 130 131 132 133 134 135 137 138 139 140 141 142 143 144 145 146 147 148 
-79.75  24  - IDs instalados: 4 33 41 49 51 55 57 58 79 81 93 97 99 107 114 118 121 123 128 131 133 135 141 149 
-79.75  48  - IDs instalados: 7 8 19 20 26 27 28 30 31 34 38 44 50 52 55 56 59 71 74 75 78 80 83 87 89 90 97 100 103 104 106 112 113 114 115 116 118 121 122 125 126 129 132 136 138 142 143 146 
-78.86  17  - IDs instalados: 15 16 19 28 41 74 78 85 87 99 107 108 116 142 143 144 148 
-79.75  149  - IDs instalados: 0 1 2 3 4 5 6 7 8 9 10 11 12 13 14 15 16 17 18 19 20 21 22 23 24 25 26 27 28 29 30 31 32 33 34 35 36 37 38 39 40 41 42 43 44 45 46 47 48 49 50 51 52 53 54 55 56 57 58 59 60 61 62 63 64 65 66 67 68 69 70 71 72 73 74 75 76 77 78 79 80 81 82 83 84 85 86 87 88 89 90 91 92 93 94 95 96 97 98 99 100 101 102 103 104 105 106 107 108 109 110 111 112 113 114 115 116 117 118 119 121 122 123 124 125 126 127 128 129 130 131 132 133 134 135 136 137 138 139 140 141 142 143 144 145 146 147 148 149 
-79.75  146  - IDs instalados: 0 1 2 3 4 5 6 7 8 9 10 11 12 14 15 16 17 18 19 20 21 22 23 24 25 27 28 29 30 31 32 33 34 35 36 37 38 39 40 41 42 43 44 45 46 47 48 49 50 51 52 53 54 55 56 57 58 59 60 61 62 63 64 65 66 67 68 69 70 71 72 73 74 75 76 77 78 79 80 81 82 83 84 85 86 87 88 89 90 91 92 93 94 95 96 97 98 99 100 101 102 104 105 106 107 108 109 110 111 112 113 114 115 116 117 118 119 120 121 122 123 124 125 126 127 128 129 130 131 132 133 134 135 136 137 138 139 140 141 142 143 145 146 147 148 149 
-79.75  145  - IDs instalados: 0 1 2 3 4 5 6 7 8 9 10 11 12 13 14 15 16 17 18 19 20 21 23 24 25 26 27 28 29 30 31 32 33 34 35 36 37 38 39 40 41 42 43 44 45 46 47 48 49 50 51 52 53 54 55 56 57 58 60 61 62 63 64 65 66 67 68 69 70 71 72 73 74 75 76 77 78 79 80 81 82 83 84 85 86 88 89 90 91 92 93 94 95 96 97 98 99 100 101 102 103 104 105 106 107 108 109 110 111 112 113 114 115 116 117 118 119 120 121 122 123 124 125 126 128 129 130 131 132 133 134 135 136 137 138 139 140 142 143 144 145 146 147 148 149 
-79.75  127  - IDs instalados: 0 1 2 3 4 7 9 10 11 12 13 16 18 19 20 21 22 26 27 28 29 30 31 32 33 34 35 36 37 38 39 40 41 43 44 45 46 47 48 49 50 51 52 53 54 55 56 58 60 61 63 64 65 66 68 69 70 71 72 73 74 75 76 77 78 79 80 83 84 85 86 89 90 91 92 93 94 95 96 97 98 99 101 102 103 105 107 108 109 110 111 112 113 114 115 116 117 118 119 121 122 123 124 125 126 127 128 129 130 131 133 134 135 136 137 138 139 140 141 142 143 144 145 146 147 148 149 
-79.75  100  - IDs instalados: 0 1 3 5 6 7 8 9 10 12 15 17 19 20 22 24 25 27 30 31 33 35 36 37 38 39 41 42 44 45 47 48 50 51 52 56 57 63 64 65 66 67 68 69 71 72 73 74 75 77 78 79 81 82 84 86 87 88 91 92 94 95 96 97 99 100 101 102 104 105 106 107 109 110 111 112 113 115 116 117 120 122 123 125 127 129 131 132 134 135 136 137 138 139 141 143 144 145 147 149 
-79.75  149  - IDs instalados: 0 1 2 3 4 5 6 7 8 9 10 11 12 13 14 15 16 17 18 19 20 21 22 23 25 26 27 28 29 30 31 32 33 34 35 36 37 38 39 40 41 42 43 44 45 46 47 48 49 50 51 52 53 54 55 56 57 58 59 60 61 62 63 64 65 66 67 68 69 70 71 72 73 74 75 76 77 78 79 80 81 82 83 84 85 86 87 88 89 90 91 92 93 94 95 96 97 98 99 100 101 102 103 104 105 106 107 108 109 110 111 112 113 114 115 116 117 118 119 120 121 122 123 124 125 126 127 128 129 130 131 132 133 134 135 136 137 138 139 140 141 142 143 144 145 146 147 148 149 
-79.75  108  - IDs instalados: 0 2 3 5 7 9 11 16 18 19 20 23 24 25 27 29 31 32 33 37 38 39 40 41 42 43 44 45 46 47 48 49 51 52 53 54 55 56 57 58 60 61 62 65 66 67 69 70 71 72 73 75 76 77 78 79 80 81 83 84 85 87 88 89 90 91 92 93 96 97 98 99 101 102 103 104 106 107 108 109 110 111 112 113 114 115 116 117 119 120 121 122 124 127 130 132 133 135 136 137 138 139 140 144 145 146 148 149 
-79.75  41  - IDs instalados: 1 4 7 9 15 22 29 31 32 34 35 37 38 43 44 50 56 57 61 62 67 68 70 73 74 77 79 81 89 102 108 110 112 115 120 125 136 137 141 142 143 
-79.75  133  - IDs instalados: 0 2 3 4 5 6 7 9 10 11 12 13 14 15 16 17 18 19 20 22 23 24 25 26 27 28 29 30 31 32 33 34 35 39 41 42 43 44 45 46 47 48 49 50 51 53 54 55 56 57 58 59 60 61 62 63 64 65 66 67 68 69 70 71 72 73 74 75 76 77 78 80 81 82 84 85 86 87 88 89 90 91 92 93 94 95 96 97 98 99 100 101 102 104 105 106 109 110 111 112 114 115 116 117 118 119 120 122 123 124 125 126 127 128 129 130 131 132 133 134 135 136 137 138 139 141 142 143 144 146 147 148 149 
-79.75  70  - IDs instalados: 0 1 2 3 4 6 12 13 14 15 17 18 19 20 25 29 30 31 33 36 41 42 43 46 47 51 53 56 59 60 63 64 65 66 68 70 72 74 78 81 84 91 92 94 100 102 108 109 111 113 116 118 121 122 124 127 133 135 136 138 139 140 141 143 144 145 146 147 148 149 
-79.75  125  - IDs instalados: 0 1 2 3 4 5 6 7 8 9 10 11 13 14 15 16 17 18 20 21 22 23 24 25 26 28 29 30 31 33 34 35 36 37 38 39 41 43 45 46 47 48 49 51 52 53 54 55 56 58 59 60 61 63 64 65 66 67 68 69 70 71 72 73 74 75 76 77 78 79 80 82 83 84 87 88 89 90 91 92 94 95 96 97 98 99 100 101 102 103 104 105 107 108 109 110 111 112 113 114 115 116 118 119 121 122 123 124 125 126 128 129 130 131 135 136 137 138 140 141 142 145 146 147 148 
-79.75  34  - IDs instalados: 4 9 13 17 19 23 24 25 34 37 43 44 45 49 56 60 64 67 71 75 82 86 88 92 93 96 99 101 102 121 130 138 146 147 
-79.75  39  - IDs instalados: 2 5 6 11 12 13 16 21 26 33 43 45 46 48 53 59 60 62 63 64 74 77 79 83 85 95 98 99 102 112 113 125 138 139 141 143 144 146 149 
-79.75  67  - IDs instalados: 2 3 6 7 9 10 11 12 14 18 19 21 22 24 26 27 28 30 33 36 37 38 39 44 45 50 51 52 55 59 65 66 68 71 72 74 75 78 80 89 90 91 95 96 97 99 102 105 108 113 114 116 119 121 128 129 131 132 134 138 139 142 144 145 146 147 148 
-79.75  28  - IDs instalados: 0 1 5 10 11 15 20 31 32 35 44 52 53 58 72 74 77 87 88 90 96 103 105 122 124 133 140 145 
-79.75  35  - IDs instalados: 10 14 15 20 22 24 34 36 38 53 59 62 65 67 72 74 76 77 79 82 89 93 95 102 105 107 108 113 122 125 127 134 136 143 147 
-79.75  55  - IDs instalados: 1 2 3 8 11 12 15 19 25 31 33 35 38 39 42 43 44 46 51 52 56 58 59 61 66 68 71 74 75 76 77 78 79 90 95 96 101 102 104 105 107 111 116 117 119 121 125 127 129 137 139 141 144 145 149 
-79.75  50  - IDs instalados: 6 7 8 9 12 14 18 21 23 25 28 33 35 39 41 47 54 58 59 64 66 67 69 72 73 74 75 76 79 81 82 85 86 87 88 92 93 97 110 115 120 122 124 125 127 128 131 135 137 146 
-79.75  69  - IDs instalados: 0 4 6 7 8 9 12 15 18 20 22 23 25 30 31 32 36 38 40 41 44 46 50 53 55 59 61 63 68 70 72 76 82 83 84 85 86 87 88 89 92 101 102 103 106 108 109 110 111 112 113 114 115 116 118 121 122 131 133 135 136 137 138 139 141 142 143 146 149 
-79.75  56  - IDs instalados: 0 3 5 6 9 11 12 15 18 19 20 23 26 27 35 40 42 43 52 55 56 57 59 60 64 65 72 75 78 79 80 84 85 87 94 96 98 104 105 110 111 115 116 118 120 121 130 132 134 136 140 141 142 144 146 148 
-79.75  94  - IDs instalados: 0 1 4 5 6 7 9 11 12 13 14 16 18 20 22 24 25 29 31 32 35 37 38 41 43 44 45 47 48 49 51 53 56 57 58 59 60 61 63 64 65 67 68 69 70 71 72 73 75 78 79 82 83 85 86 90 92 93 95 96 97 99 103 104 105 106 107 109 110 111 112 113 114 115 116 118 119 121 122 124 127 129 130 131 132 133 135 137 139 141 142 143 144 148 
-79.75  55  - IDs instalados: 7 8 11 15 18 21 22 24 25 27 28 31 32 33 38 44 45 50 51 52 55 58 60 64 65 66 67 70 71 72 73 81 83 84 87 89 90 92 94 98 99 100 102 103 110 113 114 125 127 139 140 142 144 145 147 
-79.75  115  - IDs instalados: 1 2 3 4 5 6 7 8 9 10 11 12 14 15 16 17 18 20 21 22 24 25 27 29 30 31 32 34 35 36 37 39 41 43 44 45 46 47 48 50 51 52 53 55 56 57 58 59 61 63 64 65 66 68 69 70 71 73 75 76 77 78 79 80 82 83 84 85 87 88 89 90 91 94 96 97 98 99 100 101 104 105 107 109 110 112 113 114 115 116 118 119 120 121 122 124 126 127 129 131 133 134 135 136 137 138 139 140 142 143 144 145 146 147 148 
-79.75  95  - IDs instalados: 2 3 4 6 7 8 9 10 11 13 14 15 16 19 22 25 27 28 30 31 32 33 34 35 36 37 40 42 43 44 46 48 49 50 51 53 54 55 57 58 59 61 62 63 65 67 68 70 73 74 75 76 77 78 79 81 82 83 85 86 90 92 93 94 96 98 100 101 107 109 111 113 114 118 119 120 121 122 123 124 125 126 127 128 130 131 133 134 135 136 138 143 146 147 149 
-79.75  41  - IDs instalados: 2 3 6 9 14 22 26 33 34 37 38 41 47 53 56 61 62 64 69 73 77 80 95 96 97 100 101 110 112 119 120 125 126 131 133 134 138 140 142 148 149 
-79.75  80  - IDs instalados: 0 3 5 6 7 8 9 10 15 16 18 19 23 24 26 27 28 29 31 32 33 34 35 38 39 40 41 45 46 48 49 50 55 56 59 61 63 65 66 67 73 77 78 82 83 84 85 86 88 89 90 92 93 94 99 100 107 109 114 115 116 119 120 122 123 127 128 129 131 133 135 136 137 138 139 143 144 146 147 149 
-79.75  82  - IDs instalados: 0 1 2 4 5 7 9 10 11 12 14 17 19 20 21 22 23 25 30 31 33 36 37 38 39 41 43 44 49 50 51 54 58 60 63 64 65 67 68 69 71 72 73 74 76 78 79 80 82 83 86 88 89 92 93 94 95 96 98 103 105 106 108 110 111 114 115 116 122 124 127 128 130 132 134 136 137 143 144 146 147 148 
-79.75  16  - IDs instalados: 6 7 13 26 62 64 70 72 80 87 90 108 110 112 117 133 
-79.75  43  - IDs instalados: 0 3 8 11 15 20 25 27 28 31 33 34 39 43 45 51 58 60 61 66 67 78 79 84 88 89 90 91 95 100 103 105 107 113 115 117 118 136 137 140 141 142 147 
-79.75  120  - IDs instalados: 0 1 2 4 5 6 7 8 9 10 11 12 13 14 15 17 20 21 22 23 25 26 27 28 29 32 33 34 35 36 37 38 39 42 44 45 46 47 48 50 51 52 53 55 57 58 59 61 62 63 65 66 67 68 69 70 71 72 74 75 76 77 78 79 80 81 82 83 84 85 87 88 89 90 91 92 93 94 95 97 98 99 100 102 103 104 106 107 108 109 111 112 113 114 115 116 117 118 119 120 122 123 128 130 131 132 133 134 135 136 137 138 139 140 141 145 146 147 148 149 
-79.75  40  - IDs instalados: 1 6 9 14 20 21 24 25 29 35 39 40 46 47 53 56 60 63 67 70 71 74 78 83 92 96 101 103 105 106 113 115 117 124 126 128 132 140 143 146 
-79.75  110  - IDs instalados: 0 1 2 3 5 7 9 10 11 12 13 14 15 16 17 18 19 20 22 24 25 26 27 28 29 30 31 32 33 34 35 36 39 42 43 44 45 47 48 55 56 57 59 60 61 63 64 65 67 68 69 70 71 73 74 75 76 77 78 80 81 83 84 85 88 90 91 92 93 94 96 97 98 99 100 101 102 103 104 105 106 108 109 111 112 114 116 118 120 121 122 123 124 126 128 131 132 133 134 135 136 137 139 140 142 143 145 146 147 149 
-79.75  41  - IDs instalados: 6 9 13 16 17 18 19 21 32 33 37 46 54 60 62 64 73 78 83 84 90 92 94 96 105 106 111 112 116 117 118 119 122 128 130 134 138 145 146 147 148 
-79.75  70  - IDs instalados: 0 3 4 5 7 8 10 11 12 13 14 15 21 23 24 25 26 28 29 30 31 36 40 41 42 44 45 47 48 49 51 54 56 61 62 63 64 66 67 69 71 72 75 79 81 82 83 85 86 87 91 93 100 103 109 110 111 112 114 120 130 132 133 134 138 141 146 147 148 149 
-79.75  42  - IDs instalados: 0 1 3 5 8 18 19 20 23 24 36 40 50 52 54 55 57 64 65 67 70 71 77 78 79 83 85 90 91 92 98 100 103 108 115 123 130 132 136 139 141 146 
-79.75  70  - IDs instalados: 4 5 6 7 8 9 10 13 14 15 19 21 24 25 27 28 31 32 36 38 39 40 41 46 50 52 54 58 59 60 65 66 70 73 76 78 79 80 82 84 86 87 88 92 94 95 101 102 104 106 110 111 112 113 115 117 118 119 121 123 124 129 133 138 141 142 143 144 145 147 
-79.75  43  - IDs instalados: 5 9 11 19 20 36 37 40 43 45 48 51 52 53 58 60 62 63 67 68 69 70 71 74 79 83 85 93 112 114 115 116 121 123 128 129 132 133 134 135 137 142 148 
-79.75  100  - IDs instalados: 0 1 3 4 6 7 9 10 11 12 13 14 16 18 19 20 21 22 26 27 28 29 30 33 34 35 39 40 41 42 44 45 46 50 52 53 54 60 61 63 64 65 68 69 71 72 75 76 79 80 81 85 86 87 89 90 91 92 93 94 95 96 97 98 99 100 101 102 105 106 107 109 110 111 112 113 114 117 118 119 121 122 124 125 126 127 128 130 132 133 134 135 137 138 140 142 144 145 146 148 
-79.75  55  - IDs instalados: 2 3 4 12 18 20 28 29 31 33 35 36 44 48 55 56 57 58 59 61 62 64 66 68 69 74 77 81 85 86 89 90 91 101 105 108 109 110 112 113 114 116 117 120 123 125 129 130 133 134 139 142 143 144 146 
-79.75  90  - IDs instalados: 0 2 5 7 8 10 14 15 16 18 20 21 23 24 26 27 28 30 32 33 34 36 39 40 41 43 44 47 49 51 52 54 55 56 57 58 61 62 63 67 69 70 72 75 76 77 78 79 80 81 82 83 87 88 89 91 92 93 95 97 98 102 103 104 105 108 110 112 113 114 115 116 121 122 123 125 126 128 129 131 133 134 135 136 138 139 140 141 144 148 
-79.75  150  - IDs instalados: 0 1 2 3 4 5 6 7 8 9 10 11 12 13 14 15 16 17 18 19 20 21 22 23 24 25 26 27 28 29 30 31 32 33 34 35 36 37 38 39 40 41 42 43 44 45 46 47 48 49 50 51 52 53 54 55 56 57 58 59 60 61 62 63 64 65 66 67 68 69 70 71 72 73 74 75 76 77 78 79 80 81 82 83 84 85 86 87 88 89 90 91 92 93 94 95 96 97 98 99 100 101 102 103 104 105 106 107 108 109 110 111 112 113 114 115 116 117 118 119 120 121 122 123 124 125 126 127 128 129 130 131 132 133 134 135 136 137 138 139 140 141 142 143 144 145 146 147 148 149 
-79.75  87  - IDs instalados: 0 1 3 4 6 8 13 14 15 19 23 24 25 26 27 29 33 34 36 37 38 43 44 45 46 48 49 50 51 53 56 58 59 61 63 64 66 67 68 70 73 74 75 76 79 80 81 82 84 85 86 88 89 90 91 92 94 95 96 97 99 101 103 105 106 107 110 111 113 115 119 120 122 123 125 126 135 137 138 141 142 143 144 145 146 147 148 
-79.75  110  - IDs instalados: 0 1 2 3 5 6 8 9 10 11 12 13 14 15 17 18 19 20 21 23 24 26 28 29 31 32 33 35 36 37 38 40 42 43 44 45 46 47 48 50 51 52 54 55 59 60 61 63 64 66 67 68 69 70 72 75 76 78 79 80 81 82 84 85 86 87 88 91 92 94 95 96 97 98 99 100 101 102 104 105 106 107 111 113 114 115 116 117 120 121 122 123 125 126 128 129 130 131 132 133 136 137 140 141 143 145 146 147 148 149 
-79.75  46  - IDs instalados: 0 5 11 13 14 16 18 23 25 27 28 29 31 34 39 40 41 45 47 48 51 56 58 59 62 65 67 74 77 81 86 87 88 94 97 101 105 109 111 114 120 123 124 131 134 145 
-79.75  63  - IDs instalados: 1 2 5 7 9 10 11 13 17 20 22 23 28 31 34 36 37 38 43 48 49 50 53 56 60 61 62 64 69 71 74 76 79 80 83 86 89 92 94 95 97 100 102 104 108 112 115 116 118 121 124 126 128 131 132 133 137 138 140 141 144 146 149 
-79.75  98  - IDs instalados: 0 4 5 6 7 8 9 12 15 17 19 20 22 23 24 26 27 28 30 31 32 33 34 38 39 41 42 44 46 49 50 51 53 54 56 58 59 60 61 62 65 67 71 73 74 75 76 77 78 80 81 82 87 88 90 91 92 93 94 95 96 97 99 100 102 103 104 105 106 107 108 110 112 115 116 117 118 119 122 124 125 126 127 128 129 130 131 133 134 135 136 138 139 143 146 147 148 149 
-79.75  58  - IDs instalados: 0 1 4 6 12 14 17 21 24 27 29 30 35 40 41 43 44 46 47 49 52 54 56 57 59 60 62 66 67 69 76 77 81 83 85 89 91 92 93 94 95 97 98 99 100 102 106 107 108 109 112 115 116 118 140 141 143 146 
-79.75  74  - IDs instalados: 1 2 5 6 9 12 13 14 15 17 21 23 24 25 27 29 33 34 37 38 39 40 42 44 45 47 51 54 55 56 57 58 59 60 62 63 64 65 66 68 73 74 79 80 82 86 87 88 93 95 96 97 99 102 106 107 111 113 115 120 121 122 123 127 128 130 134 137 139 140 141 144 148 149 
-79.75  64  - IDs instalados: 1 4 5 6 13 16 17 18 23 27 30 32 37 38 39 41 43 45 47 48 49 51 54 56 57 58 61 62 65 68 74 77 78 79 82 86 87 90 93 94 95 101 102 103 107 108 111 112 114 117 119 120 121 122 126 127 131 135 136 139 140 141 144 147 
-79.75  53  - IDs instalados: 7 12 13 15 17 18 20 24 32 33 34 36 39 42 46 47 48 50 56 57 61 62 64 67 68 71 72 74 75 78 81 86 95 97 98 99 100 101 103 105 109 110 114 116 117 119 124 129 135 136 143 144 147 
-79.75  56  - IDs instalados: 0 2 4 5 7 8 12 14 19 28 33 37 38 41 44 48 49 51 55 59 60 63 65 66 72 73 76 77 79 80 85 87 90 93 94 97 98 104 106 108 109 110 112 113 117 120 121 122 123 124 127 131 132 136 137 149 
-79.75  43  - IDs instalados: 1 3 5 7 12 18 24 28 37 44 45 48 49 50 52 56 60 66 68 75 80 81 85 98 104 106 107 108 114 115 117 120 123 124 129 130 134 136 137 138 140 141 143 
-79.75  73  - IDs instalados: 2 3 5 7 10 11 13 14 19 20 24 25 26 29 31 32 34 37 40 41 45 47 49 54 57 59 60 61 62 66 67 70 71 74 75 80 81 82 84 86 87 90 91 94 98 99 103 105 106 107 108 110 112 115 116 117 118 119 120 121 124 127 128 131 133 134 137 140 141 144 145 147 148 
-79.75  105  - IDs instalados: 0 1 2 3 4 5 6 7 9 10 11 13 17 18 19 20 21 22 23 24 25 26 28 29 31 33 34 35 36 39 40 41 42 43 44 45 46 47 49 50 51 52 53 57 58 59 63 64 66 67 68 72 73 74 75 76 77 79 80 81 82 83 86 87 89 91 92 94 95 96 97 99 100 101 103 104 105 106 108 109 111 112 115 117 118 119 122 123 125 127 129 130 131 136 137 138 140 141 142 144 145 146 147 148 149 
-79.75  60  - IDs instalados: 0 5 7 12 13 14 15 16 17 19 20 24 25 28 29 30 33 39 41 45 46 48 49 52 54 55 59 73 78 79 81 82 83 86 87 89 91 92 96 97 102 103 104 105 107 111 114 116 119 120 121 123 126 127 128 134 137 144 146 149 
-79.75  107  - IDs instalados: 0 1 3 5 6 7 8 9 10 11 15 17 19 20 22 23 24 26 27 28 29 31 32 33 34 35 36 38 39 40 41 42 43 46 49 53 54 55 56 57 58 59 60 61 62 63 64 66 67 68 69 70 71 72 74 76 77 79 80 81 84 86 87 88 89 90 92 93 94 95 96 97 99 101 104 105 107 109 110 111 112 114 115 118 119 120 121 122 123 124 125 126 127 128 131 132 133 134 137 138 139 140 142 144 145 147 149 
-79.75  129  - IDs instalados: 2 3 5 6 7 8 9 10 11 12 13 14 15 16 17 18 19 20 21 23 24 26 27 29 30 31 32 33 35 36 37 39 40 41 43 44 45 46 48 49 50 51 53 54 55 56 57 58 59 61 62 63 64 65 66 67 68 69 70 71 72 73 74 76 78 79 80 81 82 83 84 85 88 89 90 91 92 94 96 97 98 99 100 101 102 103 104 105 106 107 108 109 110 111 112 113 114 115 116 117 118 119 120 121 122 123 124 125 126 127 128 129 130 132 133 134 135 136 137 138 139 140 141 142 145 146 147 148 149 
-79.75  106  - IDs instalados: 1 3 4 5 6 7 8 9 10 11 12 15 16 18 19 20 21 23 24 26 28 29 30 31 32 33 35 36 37 38 40 42 43 45 46 48 49 50 51 52 53 56 59 60 61 62 63 65 66 67 68 69 70 72 73 74 75 76 78 79 80 82 83 84 85 86 87 89 93 94 95 96 97 98 100 101 104 105 106 108 110 114 115 116 117 118 120 121 122 123 124 125 126 129 130 132 133 137 140 141 144 145 146 147 148 149 
-79.75  80  - IDs instalados: 1 3 4 7 8 10 11 13 16 19 20 22 23 24 25 26 27 29 31 33 34 41 43 45 46 47 48 50 53 55 56 57 64 65 67 70 72 74 75 77 78 82 83 85 87 90 91 93 94 97 102 103 104 106 108 110 113 115 119 120 125 126 128 129 130 132 133 134 135 136 137 138 140 142 144 145 146 147 148 149 
-79.75  104  - IDs instalados: 0 5 6 7 11 13 14 15 16 18 19 21 22 24 25 26 27 28 32 33 36 38 39 41 42 43 44 45 48 49 51 54 55 56 57 58 60 62 64 65 66 67 68 69 70 72 73 74 76 77 78 79 80 81 82 84 86 87 88 89 90 92 93 94 95 96 98 99 100 103 105 107 108 110 112 113 114 115 117 118 119 120 121 125 126 127 128 130 131 132 133 136 137 138 139 141 142 143 144 145 146 147 148 149 
-78.25  9  - IDs instalados: 20 27 43 47 51 53 56 101 113 
-79.75  125  - IDs instalados: 0 1 2 3 4 5 6 8 9 10 11 12 13 14 15 16 19 21 22 23 24 26 28 30 31 32 33 34 35 36 37 40 41 42 43 44 46 47 48 49 50 52 53 54 55 56 57 58 59 60 61 62 63 66 67 68 69 70 71 73 76 78 79 80 81 83 84 85 86 87 88 89 90 91 92 93 94 95 96 98 99 100 101 102 103 104 105 106 107 108 109 110 111 113 114 115 116 117 118 120 121 122 124 125 127 128 129 130 131 132 133 134 135 136 137 138 139 140 141 142 143 144 146 147 149 
-79.75  16  - IDs instalados: 39 45 58 79 80 81 94 101 104 119 122 126 131 132 138 148 
-79.75  136  - IDs instalados: 0 1 2 3 4 5 7 8 9 10 11 12 13 14 15 16 17 18 19 20 21 22 23 24 25 26 27 30 31 32 33 34 35 36 37 38 39 40 41 42 43 44 45 46 47 48 49 52 53 54 56 57 58 59 60 61 62 63 64 65 66 67 68 69 70 72 73 74 75 76 77 78 79 80 82 83 85 86 87 89 90 91 92 93 94 96 98 99 100 101 102 103 105 106 107 108 109 110 111 112 113 114 115 116 117 118 119 120 121 122 123 124 125 126 127 128 129 130 132 133 134 135 136 137 138 139 140 141 142 143 144 145 146 147 148 149 
-79.75  121  - IDs instalados: 0 1 3 4 5 6 7 8 9 11 12 13 14 15 16 17 18 19 23 24 25 26 27 28 29 30 31 33 34 35 37 38 39 41 42 44 45 47 49 51 52 53 54 55 56 57 59 60 61 62 63 64 65 66 67 68 69 70 71 72 73 74 75 76 77 78 80 81 83 84 85 86 87 88 89 91 93 95 96 97 98 99 100 101 102 103 104 106 109 111 112 113 114 116 117 120 121 122 123 124 125 126 128 129 131 132 133 134 136 137 138 139 140 141 142 143 144 145 146 148 149 
-79.75  8  - IDs instalados: 50 73 76 111 127 137 146 147 
-79.75  121  - IDs instalados: 0 1 2 3 4 5 6 9 10 13 14 16 17 18 19 21 23 24 26 27 28 29 31 32 33 34 36 37 38 39 40 41 42 43 44 45 46 47 48 49 51 52 55 56 57 58 59 60 61 62 63 65 67 68 70 71 72 73 74 75 77 78 81 82 83 85 87 88 89 90 91 92 93 94 95 96 97 98 99 102 103 104 105 106 107 109 110 111 112 114 115 116 117 118 120 121 122 123 124 125 126 127 128 131 132 133 134 135 136 137 139 140 141 142 143 144 145 146 147 148 149 
-65.27  4  - IDs instalados: 66 72 93 112 
-79.75  121  - IDs instalados: 0 1 2 4 6 8 9 10 11 12 13 15 16 17 18 19 20 21 22 23 25 26 27 28 29 30 31 32 34 36 37 38 39 40 41 42 43 44 45 46 47 48 49 50 51 52 53 54 55 57 59 60 61 63 64 65 66 67 68 70 71 72 73 74 75 78 80 82 83 84 85 86 87 88 90 93 96 97 98 99 100 101 102 103 104 106 108 109 110 111 112 113 114 115 116 117 120 122 124 125 126 128 129 130 131 132 133 134 135 136 137 139 140 141 143 144 145 146 147 148 149 
-79.75  91  - IDs instalados: 0 1 2 3 4 8 13 14 15 16 18 19 20 22 23 24 26 27 30 33 34 35 37 38 41 43 44 45 47 48 52 53 54 58 60 61 62 64 65 66 67 68 70 73 74 77 78 80 85 86 87 88 89 93 95 96 97 98 100 101 102 105 108 111 112 114 115 116 117 118 119 120 121 122 123 124 128 130 131 133 136 139 140 141 142 143 144 145 146 148 149 
-79.75  100  - IDs instalados: 0 1 2 3 4 5 6 7 8 9 11 12 13 14 15 18 21 22 23 24 25 26 27 28 29 31 32 33 35 36 37 38 39 43 44 45 46 47 49 50 51 52 53 54 59 60 61 63 65 66 67 70 71 72 76 77 78 79 83 85 87 89 90 91 92 93 96 97 99 100 103 104 105 106 107 108 109 110 111 112 113 115 117 118 120 121 123 124 128 129 130 136 137 138 143 144 145 146 147 149 
-79.75  36  - IDs instalados: 1 4 11 12 17 20 21 23 26 28 30 32 41 45 48 55 56 59 60 62 77 82 86 88 89 91 95 98 109 112 114 116 128 135 136 148 
-79.75  69  - IDs instalados: 4 5 6 11 13 16 21 22 28 32 33 36 37 41 42 46 47 50 51 53 54 55 62 63 64 67 69 70 72 74 75 81 83 86 92 93 94 97 98 99 101 102 103 105 106 110 111 112 113 114 116 118 120 121 122 126 129 132 133 135 136 137 139 140 141 142 143 146 147 
-79.75  129  - IDs instalados: 0 1 2 3 4 5 9 11 13 14 15 16 17 18 20 21 23 24 25 26 27 28 29 30 31 32 33 34 35 36 37 38 39 40 41 42 43 44 45 48 50 51 52 53 54 55 56 57 58 59 60 61 62 63 64 65 66 67 68 69 71 73 75 76 77 78 79 80 81 82 83 84 86 87 88 89 90 91 92 93 95 96 97 98 99 101 102 103 104 105 106 107 108 109 110 111 112 114 115 117 118 119 120 121 122 124 125 126 127 128 129 130 132 133 134 135 136 137 139 140 141 142 143 144 145 146 147 148 149 
-79.75  111  - IDs instalados: 0 2 3 7 8 10 11 12 13 15 16 17 18 20 21 22 23 24 25 28 29 30 31 32 33 34 35 37 40 41 43 44 45 46 47 48 49 50 51 52 54 55 56 57 58 59 60 61 63 66 69 71 72 73 74 75 77 78 79 80 81 82 84 85 88 89 92 93 94 97 99 100 103 104 105 106 107 108 109 110 111 112 114 115 116 118 120 121 122 125 126 128 129 130 131 132 133 134 135 136 137 139 140 141 142 143 145 146 147 148 149 
-79.75  85  - IDs instalados: 1 2 5 13 15 16 17 19 20 22 23 25 29 30 34 35 37 39 40 41 42 43 44 45 48 50 51 53 54 55 56 58 59 60 61 63 64 66 68 69 70 71 74 75 76 82 83 85 86 88 89 90 91 92 94 95 98 99 101 102 106 107 110 111 112 113 117 118 120 122 124 127 128 130 132 133 135 137 138 139 141 142 143 144 147 
-79.75  135  - IDs instalados: 0 1 2 3 4 5 6 7 8 9 10 11 12 13 14 15 16 17 18 19 22 23 24 25 26 27 28 29 30 31 32 33 34 35 36 37 38 39 40 41 42 43 44 45 46 47 49 51 52 53 54 55 56 57 58 59 60 61 62 63 64 65 66 68 70 71 72 73 74 75 76 77 80 81 82 83 84 85 86 87 88 89 90 91 92 93 94 95 96 97 98 99 100 101 102 103 104 105 106 107 108 112 114 115 116 117 118 119 120 121 122 123 124 125 127 128 129 130 131 132 133 134 135 137 138 139 140 141 142 143 145 146 147 148 149 
-38.94  2  - IDs instalados: 42 59 
-79.75  40  - IDs instalados: 4 11 23 27 33 37 38 40 44 48 49 50 53 57 59 60 62 65 67 70 72 73 83 90 93 94 99 101 108 110 117 126 128 133 134 135 139 141 142 145 
-79.75  76  - IDs instalados: 1 5 10 12 14 16 18 21 22 23 24 28 31 32 34 35 38 39 40 41 43 44 45 47 50 51 52 53 54 55 56 59 61 64 68 69 70 72 74 75 76 78 85 88 89 90 91 92 94 95 96 97 104 105 108 110 112 113 114 118 119 125 127 128 129 132 133 137 138 139 140 141 143 146 147 149 
-79.75  109  - IDs instalados: 0 1 2 4 5 6 7 8 10 11 12 13 15 17 18 19 20 21 23 26 28 29 30 32 33 35 36 39 40 41 42 44 45 46 47 49 51 52 53 55 57 58 59 60 61 62 63 64 65 66 67 68 69 70 72 73 74 76 79 81 82 83 84 86 88 89 90 91 92 93 95 96 97 98 100 101 102 105 107 108 109 110 112 114 115 116 117 119 120 121 122 124 125 126 129 130 132 133 134 135 136 137 140 141 143 144 145 146 148 
-79.75  38  - IDs instalados: 0 7 9 11 15 18 21 37 48 49 50 52 53 61 63 68 73 76 77 79 84 85 86 87 89 94 95 101 112 113 119 122 124 129 136 140 145 146 
-79.75  41  - IDs instalados: 2 3 7 8 10 11 14 17 19 23 31 35 41 44 45 47 51 72 82 90 91 93 104 105 106 107 108 109 111 112 113 114 118 124 128 130 136 137 138 141 145 
-79.75  99  - IDs instalados: 0 1 2 5 7 9 10 12 13 14 17 18 19 20 21 22 24 25 26 27 28 29 32 33 34 36 37 38 39 40 43 44 46 47 48 49 52 54 55 56 57 59 60 62 64 66 67 68 74 75 76 78 79 80 81 82 83 87 89 90 91 92 93 94 96 97 99 102 104 106 107 108 109 110 111 112 114 116 117 119 121 124 125 126 128 129 130 132 134 135 136 138 139 140 142 143 145 146 148 
-79.75  139  - IDs instalados: 0 1 2 4 5 6 7 8 9 10 11 12 13 14 15 16 17 18 19 20 21 22 23 24 25 26 27 28 29 30 31 32 33 34 35 37 38 39 40 41 42 43 44 45 46 47 48 50 51 53 54 55 56 57 58 59 60 61 62 63 64 65 66 68 69 70 71 72 73 74 75 76 77 78 79 81 82 84 85 86 87 88 89 90 91 92 93 94 95 96 97 98 99 100 101 102 104 105 106 107 108 109 110 111 112 113 114 115 116 117 118 119 120 121 122 123 124 125 126 127 128 129 130 131 132 134 135 136 137 138 139 140 141 142 143 144 146 147 148 
-79.75  139  - IDs instalados: 0 1 2 3 4 5 6 7 8 11 12 13 14 15 16 17 20 21 22 23 24 25 26 27 28 29 30 31 32 33 34 35 36 37 38 39 40 41 42 43 44 45 46 48 49 50 51 52 53 54 55 56 57 58 59 60 61 62 64 65 66 67 68 69 70 71 72 73 74 75 77 78 79 80 81 82 83 84 85 86 87 88 89 90 91 92 93 94 95 96 97 98 100 101 102 103 104 105 106 107 108 109 110 111 112 113 114 115 116 117 118 119 120 121 122 123 124 125 126 127 128 129 130 131 132 133 134 135 136 137 138 139 140 141 142 144 146 148 149 
-79.75  126  - IDs instalados: 0 1 2 3 4 6 7 8 10 11 12 13 15 16 17 18 19 20 21 22 23 24 25 26 27 30 31 32 33 34 35 37 38 39 40 41 42 43 44 45 46 47 48 50 51 52 53 54 55 56 57 58 59 60 61 62 63 64 65 66 68 69 70 72 73 74 75 76 77 78 79 80 82 85 86 87 88 89 90 91 92 93 94 96 97 98 99 100 101 103 104 105 106 107 108 109 110 111 112 113 114 115 117 118 120 122 124 125 126 127 128 129 131 133 134 135 136 138 139 140 141 143 144 147 148 149 
-79.75  36  - IDs instalados: 1 5 7 12 13 15 21 28 36 37 38 40 46 50 52 53 62 63 67 70 72 74 77 97 101 102 112 115 121 125 130 134 137 140 141 145 
-79.75  84  - IDs instalados: 2 3 5 6 9 11 14 17 19 22 24 26 28 30 31 32 33 34 35 37 38 40 41 44 45 46 51 56 57 58 59 60 61 62 64 66 69 72 74 75 76 77 78 80 82 83 86 91 92 93 94 95 96 98 99 102 103 104 105 108 110 115 116 117 118 119 120 122 123 125 127 129 130 132 133 136 137 138 139 140 141 143 144 148 
-79.75  20  - IDs instalados: 1 6 9 14 27 45 51 55 75 77 86 88 89 107 114 129 138 139 141 142 
-79.75  87  - IDs instalados: 2 5 8 10 11 12 14 15 16 17 18 20 22 23 24 25 26 27 31 32 33 35 38 39 40 41 43 44 45 47 55 56 57 58 61 62 65 66 67 69 71 72 74 75 76 79 85 86 89 90 93 94 97 99 100 101 103 104 106 107 108 109 110 111 114 116 117 119 120 121 122 123 124 126 130 132 133 134 136 138 139 140 141 142 143 146 148 
-79.75  95  - IDs instalados: 1 2 3 4 5 7 10 11 12 13 15 16 17 18 21 22 26 27 28 29 30 32 33 34 37 38 41 48 51 52 53 54 56 57 58 60 61 62 63 65 67 68 70 72 73 76 77 78 79 80 81 82 83 84 87 88 89 93 94 96 97 99 100 102 103 111 112 113 114 115 116 118 119 122 123 125 126 128 129 130 131 132 133 136 137 138 139 140 141 142 143 144 145 147 149 
-79.75  94  - IDs instalados: 0 1 2 3 6 7 8 9 11 12 13 16 18 20 21 23 24 25 26 27 28 29 31 32 36 38 39 40 41 43 44 45 47 48 49 50 56 57 58 60 61 62 65 66 67 68 69 70 72 73 76 77 79 80 82 83 84 85 88 90 91 92 96 97 98 99 102 103 104 107 108 109 110 111 112 114 115 116 117 122 124 125 126 128 130 131 132 135 136 137 139 141 144 146 
-79.75  75  - IDs instalados: 2 3 4 5 6 8 9 10 11 14 16 17 18 19 21 26 27 29 31 34 36 37 38 39 40 43 48 50 52 55 56 57 58 59 61 63 64 65 69 72 76 79 82 83 88 90 94 95 96 99 103 104 105 107 109 110 111 113 116 118 119 121 124 126 131 138 139 140 141 143 144 145 146 147 149 
-79.75  51  - IDs instalados: 1 3 6 7 9 16 18 19 21 24 25 26 27 29 32 35 36 45 53 54 56 59 60 65 66 68 71 73 74 78 83 92 96 97 101 102 105 109 114 118 120 122 128 129 130 134 136 138 141 145 149 
-79.75  143  - IDs instalados: 0 1 3 4 5 6 8 9 10 11 12 13 14 15 16 17 18 19 20 21 22 23 24 25 26 27 28 29 30 31 32 33 34 35 36 37 38 39 40 42 43 44 45 46 47 48 49 50 51 52 53 54 55 56 57 58 59 60 61 62 63 64 65 66 67 68 69 70 71 72 73 74 75 76 77 78 79 80 81 82 83 84 85 86 87 88 89 90 91 92 93 94 95 98 99 100 101 102 103 104 105 106 107 108 109 110 111 112 113 115 116 117 118 119 120 121 122 123 124 125 127 128 129 130 131 132 133 134 135 136 137 138 139 140 141 142 143 144 145 146 147 148 149 
-79.07  11  - IDs instalados: 28 35 47 50 53 60 70 74 88 114 124 
-79.75  45  - IDs instalados: 3 5 11 12 13 16 19 23 25 26 29 30 32 33 34 35 44 49 64 66 68 69 76 77 79 81 83 93 97 103 105 106 109 112 114 118 125 128 134 136 140 143 145 146 149 
-79.75  94  - IDs instalados: 0 1 3 5 6 8 9 10 13 14 15 16 18 19 22 23 25 28 29 31 34 35 36 37 39 40 41 42 43 44 45 46 47 51 54 55 57 58 59 60 62 64 65 66 67 68 70 71 73 74 75 76 77 79 82 84 88 91 93 94 95 96 97 99 100 101 102 103 106 108 110 111 112 114 116 117 118 120 121 122 123 125 130 131 132 133 136 141 142 143 145 147 148 149 
-79.75  110  - IDs instalados: 0 2 4 5 6 7 8 10 11 15 16 17 18 20 21 22 23 24 26 27 28 29 32 33 34 35 37 38 39 40 41 43 44 47 49 50 52 53 54 55 56 57 58 60 62 63 64 66 67 69 70 71 72 73 74 75 76 77 78 79 80 81 82 83 85 86 87 88 89 94 95 96 97 98 99 100 101 102 103 104 106 108 110 111 112 113 114 115 116 117 120 122 124 125 128 129 130 132 135 137 138 139 140 141 142 144 145 146 147 148 
-64.23  3  - IDs instalados: 24 35 109 
-77.8  8  - IDs instalados: 15 18 56 58 63 118 133 142 
-79.75  89  - IDs instalados: 1 3 4 5 6 7 9 11 12 14 17 19 21 24 25 26 27 28 30 34 37 38 39 40 41 42 43 44 45 46 49 51 54 55 56 58 60 62 68 69 71 72 73 74 75 76 77 78 79 83 86 87 88 90 93 94 97 102 104 105 107 108 109 112 113 115 117 118 120 121 122 124 125 126 127 128 129 131 132 133 140 141 142 143 144 145 146 147 149 
-79.75  57  - IDs instalados: 0 1 4 7 9 11 14 15 18 19 25 26 27 28 29 30 32 33 34 35 36 47 48 50 51 55 56 59 60 64 65 66 71 82 83 88 95 98 99 106 111 112 114 118 123 124 125 127 130 133 137 138 140 142 145 146 148 
-79.75  124  - IDs instalados: 0 1 2 3 4 5 6 7 8 10 12 14 15 16 17 18 19 20 21 22 23 24 25 26 27 28 29 30 31 32 33 34 35 40 41 43 44 45 46 47 48 49 50 51 52 53 54 55 57 58 59 60 61 62 64 65 66 67 68 70 72 73 74 75 77 78 79 80 82 83 84 85 86 87 88 89 90 92 93 94 95 98 100 101 102 103 104 105 106 107 109 110 111 112 113 114 116 118 119 120 121 122 123 124 125 126 128 129 130 131 132 133 134 136 137 138 139 141 142 143 145 146 148 149 
-79.75  113  - IDs instalados: 0 1 2 4 5 6 8 9 11 12 13 14 16 17 18 19 21 23 24 26 27 28 29 30 32 33 34 35 37 38 39 40 41 43 44 45 46 47 48 49 51 52 54 55 56 57 58 61 62 64 65 66 67 68 71 72 73 74 76 77 78 79 80 82 83 84 85 88 89 90 91 92 93 94 97 98 99 100 101 102 103 104 105 106 107 108 109 110 111 112 114 115 117 118 119 120 123 125 126 128 129 130 131 132 133 134 137 138 142 144 146 147 148 
-79.75  64  - IDs instalados: 0 3 4 6 8 11 12 14 18 19 20 24 28 31 32 34 38 39 40 42 43 49 52 53 54 56 57 60 62 68 70 72 73 76 77 79 80 82 83 84 87 88 90 91 92 93 94 95 99 107 112 114 120 123 130 132 133 136 138 139 140 142 147 148 
-38.22  1  - IDs instalados: 34 
-79.75  64  - IDs instalados: 0 4 6 8 9 11 13 14 19 20 21 23 34 37 39 46 47 50 51 53 56 57 61 63 65 66 69 70 71 73 75 79 81 82 84 88 89 91 93 95 96 98 101 105 108 109 112 113 118 119 121 122 124 126 128 130 134 135 136 137 141 142 146 149 
-79.75  138  - IDs instalados: 0 1 2 3 4 5 6 7 8 9 10 11 12 13 14 15 16 17 18 19 20 21 22 23 24 25 26 27 28 29 30 31 32 33 34 35 36 38 39 41 42 43 44 45 46 47 49 50 51 52 53 54 55 57 58 59 60 61 62 63 64 65 66 67 68 69 70 71 73 74 75 76 77 78 79 80 81 82 83 85 86 87 88 89 90 91 93 94 95 96 97 98 99 100 101 102 103 104 105 106 107 108 109 110 111 112 113 114 115 118 119 121 122 123 124 125 126 127 128 129 130 131 132 133 134 135 136 137 138 139 140 142 143 144 145 146 147 149 
-79.75  18  - IDs instalados: 0 4 9 30 41 44 47 56 60 66 72 93 101 102 106 136 137 145 
-79.75  139  - IDs instalados: 0 1 2 3 4 5 7 9 10 11 12 13 14 15 16 17 18 19 20 21 22 23 24 25 26 27 28 29 30 31 32 33 34 35 36 37 38 39 40 41 42 43 44 45 46 47 49 51 52 53 54 55 56 57 58 59 60 61 62 63 64 65 66 67 69 70 71 72 73 74 75 76 77 78 79 81 82 83 84 86 87 88 89 90 91 92 93 94 96 98 99 100 101 102 103 104 105 106 107 108 109 110 111 112 113 114 115 116 117 118 119 120 121 123 124 125 126 127 128 129 130 131 132 133 134 135 137 138 139 140 141 142 143 144 145 146 147 148 149 
-79.75  102  - IDs instalados: 0 2 4 5 6 7 10 11 12 13 14 20 21 22 23 25 26 27 28 29 30 32 33 36 37 38 39 41 45 46 47 49 50 52 54 55 56 57 58 60 61 62 64 65 66 67 70 72 73 74 75 76 77 78 79 81 82 83 84 85 88 91 93 94 96 97 98 99 100 102 103 104 105 106 107 108 109 110 111 117 118 119 121 122 123 124 125 126 127 128 129 132 134 135 138 140 142 144 145 146 148 149 
-79.75  127  - IDs instalados: 0 1 2 3 4 5 7 9 10 11 12 13 14 15 16 18 19 20 21 22 24 26 27 28 30 31 32 33 34 35 37 38 39 40 41 42 44 46 47 49 50 52 53 54 55 56 58 59 61 62 63 64 65 66 67 68 69 71 72 73 74 75 76 77 78 79 83 84 85 86 88 89 90 91 92 93 94 95 96 98 99 100 103 104 106 107 108 109 110 111 112 113 114 115 116 117 118 119 120 121 122 123 124 125 126 127 128 129 130 131 132 133 134 135 136 137 138 139 140 142 143 144 145 146 147 148 149 
-79.75  145  - IDs instalados: 0 1 2 3 4 5 6 7 8 9 10 11 12 13 14 15 16 17 18 19 20 21 22 23 24 25 26 28 29 30 31 32 33 34 35 36 37 38 39 40 41 42 43 44 45 46 47 48 49 50 51 52 53 55 56 57 58 59 60 61 62 63 64 65 66 67 68 69 70 71 72 73 74 75 76 77 78 79 80 81 82 83 84 85 86 87 88 89 90 91 92 93 94 95 96 97 98 99 100 101 102 103 104 105 106 107 108 109 110 111 112 113 114 115 116 117 119 120 121 122 123 124 126 127 128 129 130 131 132 133 134 135 136 137 138 139 140 141 142 143 144 145 146 147 148 
-79.75  111  - IDs instalados: 0 1 3 4 5 7 8 12 13 14 16 18 20 21 22 23 24 26 27 28 29 30 31 32 33 34 37 38 39 40 42 43 45 46 47 48 49 50 51 53 55 56 57 59 60 62 64 65 67 68 70 71 72 73 74 75 77 78 79 80 81 83 85 87 88 89 91 92 93 95 96 97 98 99 100 101 103 104 105 106 107 108 109 110 111 114 116 117 118 119 120 121 123 124 127 129 130 131 132 133 134 136 137 139 140 143 144 145 147 148 149 
-0  0  - IDs instalados: 
-79.75  61  - IDs instalados: 0 1 3 6 8 9 11 13 14 15 18 19 21 23 24 26 28 29 43 44 45 50 51 60 65 67 69 70 71 73 74 75 80 83 89 90 93 94 95 96 98 100 101 102 103 108 109 112 115 117 122 126 128 129 131 134 139 141 142 145 148 
-78.17  19  - IDs instalados: 1 3 21 25 26 30 32 34 37 38 55 73 74 84 87 93 99 118 134 
-79.75  113  - IDs instalados: 0 1 2 3 5 6 8 10 11 12 15 18 20 22 24 27 29 30 31 32 33 34 35 36 37 38 40 41 42 43 44 45 46 47 49 50 51 52 53 55 57 58 59 61 62 63 64 65 68 69 70 72 73 75 77 79 80 81 82 83 84 85 86 87 90 91 92 93 94 95 96 97 98 99 100 102 103 104 109 110 111 112 113 114 115 116 117 119 120 121 122 123 125 126 127 128 129 130 133 134 135 136 137 139 140 141 142 143 144 145 147 148 149 
-79.75  24  - IDs instalados: 6 13 14 22 26 36 37 44 47 51 55 60 70 71 74 80 84 88 96 99 123 129 130 133 
-79.75  82  - IDs instalados: 0 2 3 4 5 6 9 10 11 14 17 18 21 24 25 26 28 32 33 34 35 36 38 39 41 42 46 47 50 53 54 55 56 58 60 63 64 68 71 72 74 76 78 79 81 85 86 90 91 92 97 100 102 104 106 107 108 110 111 112 114 116 117 118 119 120 123 125 126 128 129 130 131 132 135 138 139 140 143 146 148 149 
-79.75  135  - IDs instalados: 0 1 2 3 4 6 7 9 10 11 12 14 16 17 18 19 20 21 22 23 24 25 26 27 28 29 30 31 32 33 34 35 37 38 39 40 41 42 43 44 45 46 47 48 49 51 52 54 55 56 57 58 59 60 61 62 63 64 65 66 67 69 70 71 72 73 74 75 76 77 79 80 81 82 83 84 86 87 89 90 91 92 93 94 95 96 97 98 99 100 101 102 103 104 105 106 107 108 109 110 111 112 113 114 115 118 119 120 121 122 123 124 125 126 128 129 130 131 132 133 134 135 136 137 138 139 140 141 142 143 144 145 146 147 148 
-79.75  82  - IDs instalados: 1 2 5 6 7 9 11 12 13 14 18 19 20 21 26 28 30 32 33 34 35 36 38 39 41 46 48 49 50 52 53 57 63 65 66 67 68 69 70 71 72 75 76 77 79 80 81 82 91 93 94 96 97 98 99 100 101 102 104 105 106 107 108 109 116 118 119 122 127 128 129 132 133 134 135 138 139 140 142 144 145 148 
-15.9  1  - IDs instalados: 46 
-79.75  41  - IDs instalados: 5 15 16 22 24 26 30 39 41 42 43 45 47 50 52 53 54 63 65 66 69 75 84 89 94 95 98 108 112 114 122 124 126 130 131 135 138 143 145 147 148 
-19.98  1  - IDs instalados: 119 
-79.33  7  - IDs instalados: 31 66 85 105 121 124 148 
-79.75  12  - IDs instalados: 4 21 24 50 51 70 75 97 106 113 131 144 
-79.75  85  - IDs instalados: 0 2 3 4 6 7 8 13 16 20 22 24 25 26 29 30 31 33 34 35 38 39 40 41 42 43 45 47 49 50 52 53 54 55 57 58 60 61 63 65 66 72 73 76 78 81 82 83 84 85 89 93 94 96 97 101 104 105 107 108 110 111 113 115 116 117 118 119 121 123 124 127 128 130 133 134 135 137 138 140 141 144 145 147 148 
-79.75  48  - IDs instalados: 6 10 14 16 17 26 28 29 35 38 42 44 45 47 48 51 52 59 60 64 65 70 74 75 77 78 79 87 91 95 96 98 99 101 104 110 115 121 122 124 127 128 129 131 132 135 139 140 
-79.75  77  - IDs instalados: 1 3 4 6 8 9 10 12 13 15 16 20 21 22 24 26 29 30 31 32 33 34 35 36 38 42 43 44 46 47 48 56 61 62 64 65 66 67 68 69 70 71 72 74 79 81 83 85 88 92 95 97 98 99 103 105 106 107 111 114 116 117 118 119 124 128 129 133 134 135 136 141 142 143 144 145 148 
-79.75  15  - IDs instalados: 12 49 52 57 58 63 73 78 86 96 104 109 111 138 141 
-79.75  95  - IDs instalados: 0 2 3 10 12 18 22 23 26 27 28 30 31 32 33 36 38 42 43 44 45 46 48 49 51 52 53 54 55 57 59 62 63 64 65 66 67 68 69 70 71 72 75 76 77 78 80 81 82 83 84 85 88 89 90 93 94 95 98 99 100 101 102 103 104 106 107 108 109 110 111 112 115 116 118 120 123 125 126 127 128 130 134 137 138 139 140 141 142 144 145 146 147 148 149 
-79.75  148  - IDs instalados: 0 1 2 3 4 5 6 7 8 9 10 11 12 13 14 15 16 17 18 19 20 21 22 23 24 25 26 27 28 29 30 31 32 33 34 35 36 38 39 40 41 42 43 44 45 46 47 48 49 50 51 52 53 54 55 56 57 58 59 60 61 62 63 64 65 66 67 68 69 70 71 72 73 74 75 76 77 78 79 80 81 82 83 84 85 86 87 88 89 90 91 92 93 94 96 97 98 99 100 101 102 103 104 105 106 107 108 109 110 111 112 113 114 115 116 117 118 119 120 121 122 123 124 125 126 127 128 129 130 131 132 133 134 135 136 137 138 139 140 141 142 143 144 145 146 147 148 149 
-79.75  87  - IDs instalados: 0 1 5 6 7 8 11 13 15 17 18 19 21 22 23 25 26 27 28 29 31 32 33 34 35 38 39 40 44 45 47 49 51 52 53 55 56 57 58 59 60 61 62 64 66 67 68 71 72 73 76 77 78 80 81 83 84 85 87 93 96 99 100 101 102 105 107 114 116 117 118 119 120 125 128 129 130 131 132 133 136 138 139 141 144 146 148 
-78.18  4  - IDs instalados: 41 56 89 94 
-79.75  50  - IDs instalados: 7 11 12 15 16 17 28 30 32 36 37 38 39 41 51 53 55 56 57 64 65 67 70 73 74 75 77 78 79 80 86 87 91 92 94 100 101 102 107 109 112 117 118 122 123 124 127 128 138 144 
-79.75  30  - IDs instalados: 4 6 10 11 12 15 19 25 32 54 56 60 71 72 80 86 89 92 93 97 100 105 113 121 122 124 128 129 131 142 
-79.75  136  - IDs instalados: 0 1 2 4 5 6 7 8 9 10 11 12 13 14 15 16 17 18 19 20 21 23 24 25 26 27 29 30 32 33 35 36 37 38 39 40 41 42 43 45 46 47 49 50 51 52 53 54 55 56 57 58 59 60 62 63 64 65 66 67 68 69 70 71 72 73 74 75 76 78 80 81 82 85 86 87 88 89 90 91 92 93 94 95 96 97 98 99 101 102 103 104 105 106 107 108 109 110 111 112 113 114 115 116 117 118 119 120 121 122 123 124 125 126 127 128 129 130 131 132 133 134 135 136 137 138 139 140 141 143 144 145 146 147 148 149 
-79.75  65  - IDs instalados: 0 1 2 8 11 13 14 17 18 22 26 27 29 30 33 36 38 39 40 44 45 46 47 48 49 62 70 72 75 77 78 84 85 86 87 89 91 93 96 98 99 101 102 103 105 106 109 110 111 113 114 115 117 119 122 127 128 131 132 136 139 141 144 147 148 
-79.75  92  - IDs instalados: 0 1 2 3 5 6 7 8 9 10 11 13 16 18 19 22 23 24 26 27 28 31 32 33 34 35 36 37 38 39 40 41 42 44 45 46 47 50 51 53 55 56 57 58 59 60 61 62 63 65 66 67 68 70 71 72 75 76 79 82 87 89 91 92 93 95 98 99 107 110 112 113 115 116 119 120 121 122 124 125 126 127 129 131 135 138 139 143 144 145 147 148 
-0  0  - IDs instalados: 
-79.75  122  - IDs instalados: 0 1 2 3 4 5 6 8 9 10 12 13 14 15 16 17 18 19 20 21 22 23 26 28 29 30 31 32 33 34 36 38 39 40 41 42 43 44 45 46 47 49 50 51 52 54 55 57 58 59 60 61 62 63 64 65 66 67 68 69 70 71 73 74 76 77 79 80 83 84 85 86 87 88 89 90 92 94 95 96 97 100 101 103 104 109 110 111 113 114 115 116 117 118 119 120 121 122 124 125 126 127 128 129 130 131 132 133 134 136 137 138 139 140 142 143 144 145 146 147 148 149 
-79.75  98  - IDs instalados: 0 1 2 3 4 5 7 9 10 13 14 16 17 19 20 21 23 24 27 28 29 30 32 35 38 39 40 42 43 44 47 48 50 53 54 55 57 59 60 63 64 65 69 70 73 74 78 79 80 82 83 84 85 86 87 91 92 93 94 95 96 97 100 101 102 103 104 105 106 109 110 113 114 116 118 119 120 121 122 123 124 125 126 127 128 129 130 132 136 138 140 141 142 143 144 147 148 149 
-79.75  45  - IDs instalados: 0 3 5 6 14 16 22 27 29 36 39 42 46 47 51 52 53 57 59 64 67 70 71 74 83 86 90 93 94 97 100 103 105 108 113 121 124 128 129 131 134 135 147 148 149 
-79.75  146  - IDs instalados: 0 1 2 3 4 5 6 7 8 9 10 11 12 14 15 16 17 18 19 20 21 22 23 24 25 26 27 28 29 30 31 32 33 34 35 36 37 38 39 40 41 42 43 44 45 46 47 48 49 50 51 53 54 55 56 57 58 59 60 61 62 63 64 65 66 67 68 69 71 72 73 74 75 76 77 78 79 80 81 82 83 84 86 87 88 89 90 91 92 93 94 95 96 97 98 99 100 101 102 103 104 105 106 107 108 109 110 111 112 113 114 115 116 117 118 119 120 121 122 123 124 125 126 127 128 129 130 131 132 133 134 135 136 137 138 139 140 141 142 143 144 145 146 147 148 149 
-79.75  36  - IDs instalados: 14 15 23 25 28 30 40 44 50 51 56 58 67 68 69 73 76 78 82 89 92 94 101 105 108 109 117 118 120 129 130 132 139 140 142 146 
-79.75  32  - IDs instalados: 0 2 8 16 17 19 21 22 23 28 31 39 41 42 45 46 47 51 63 69 70 75 76 83 91 96 97 102 122 143 147 148 
-79.75  25  - IDs instalados: 5 13 19 25 32 42 63 73 76 77 80 83 84 89 91 95 100 102 107 111 125 130 136 144 145 
-79.75  39  - IDs instalados: 1 2 10 14 19 23 24 32 37 38 41 44 55 66 74 89 92 94 95 98 101 103 104 105 109 111 112 113 114 115 116 120 125 127 128 131 140 141 145 
-79.75  53  - IDs instalados: 0 2 3 5 6 7 8 10 11 20 21 22 23 24 25 26 31 32 39 43 51 55 56 58 59 60 62 65 68 74 80 81 82 85 86 87 88 94 105 108 111 116 120 122 123 128 130 135 136 137 138 140 147 
-79.75  72  - IDs instalados: 3 6 7 9 10 11 15 17 20 21 22 24 26 32 33 34 35 36 37 40 43 47 51 52 54 55 59 65 66 67 69 71 75 76 77 83 84 85 90 91 94 96 97 98 99 100 101 102 104 107 108 110 111 113 115 117 118 119 120 124 125 126 128 131 132 134 136 138 139 141 146 149 
-79.75  127  - IDs instalados: 0 2 3 4 5 6 8 9 11 12 13 15 16 17 18 19 20 21 22 24 25 26 27 28 29 31 32 33 35 36 38 39 40 41 42 43 44 45 46 47 48 49 50 52 53 54 55 56 58 61 63 64 65 66 67 68 69 70 71 72 73 74 75 76 77 78 81 82 84 85 86 87 88 90 91 92 93 94 95 96 97 98 99 100 101 102 103 104 105 106 109 110 112 113 114 115 116 117 118 119 120 121 122 123 124 125 127 128 129 130 131 132 134 135 136 137 138 139 140 141 142 143 144 146 147 148 149 
-79.75  97  - IDs instalados: 0 2 3 5 6 10 13 14 15 17 18 19 20 22 23 24 25 26 27 30 32 33 35 36 38 40 43 44 45 46 49 50 51 53 57 59 60 61 64 66 67 69 71 72 73 74 76 77 79 82 83 84 85 86 87 88 90 91 93 94 95 99 100 101 102 104 105 107 108 111 113 114 116 117 118 119 120 121 122 123 124 125 126 127 128 129 132 134 135 136 140 142 143 144 145 147 149 
-79.75  71  - IDs instalados: 2 3 4 5 6 7 12 13 14 16 18 24 25 26 28 29 30 35 36 40 44 46 47 48 53 55 57 60 61 62 63 65 66 68 71 76 78 80 81 82 83 86 87 88 91 92 95 96 97 101 107 108 109 116 117 119 121 124 125 126 128 130 133 137 138 139 141 142 144 145 147 
-79.75  13  - IDs instalados: 3 11 16 20 22 28 61 73 85 92 110 116 133 
-79.75  51  - IDs instalados: 1 4 14 17 18 19 20 22 25 30 32 34 40 42 43 44 50 52 53 62 64 65 66 72 73 75 76 83 85 87 88 91 95 97 101 102 105 106 109 113 114 117 118 122 124 126 134 137 140 141 146 
-79.75  12  - IDs instalados: 0 4 12 22 31 53 64 71 74 105 134 142 
-66.64  8  - IDs instalados: 15 26 37 76 111 139 146 147 
-79.75  60  - IDs instalados: 1 6 7 9 10 13 14 16 23 24 25 26 29 30 31 37 40 41 42 43 44 46 49 52 57 60 63 64 67 68 70 73 76 78 79 82 84 85 86 90 92 96 105 108 111 113 115 116 117 119 120 121 124 129 135 136 144 147 148 149 
-79.75  89  - IDs instalados: 0 1 3 4 5 6 10 11 14 15 16 19 23 25 26 27 28 32 34 35 36 37 38 39 40 42 43 46 48 49 50 52 53 54 56 58 59 60 62 64 65 66 67 68 69 71 73 76 77 81 82 84 85 87 88 89 90 91 94 96 97 101 102 104 105 106 107 108 113 114 116 117 120 121 122 123 124 126 129 131 132 134 135 138 139 140 141 142 143 
-79.75  133  - IDs instalados: 0 2 3 4 5 6 7 8 9 10 11 12 13 14 15 16 17 18 20 21 22 24 26 27 28 29 30 31 32 33 35 37 38 39 40 41 42 43 44 46 47 48 49 50 52 53 54 55 56 57 58 59 60 61 62 63 64 65 66 67 68 69 70 71 72 73 74 76 77 78 79 80 81 82 83 84 85 86 87 88 89 91 92 93 94 95 96 97 99 100 101 102 103 104 105 106 107 108 109 111 112 114 115 117 118 119 120 121 123 124 125 126 127 128 129 130 131 132 133 134 135 136 137 138 141 142 143 144 145 146 147 148 149 
-79.75  38  - IDs instalados: 17 20 25 28 33 34 37 41 47 48 50 51 56 69 73 78 82 86 88 90 91 92 93 97 98 99 104 106 110 116 124 125 129 130 131 135 138 141 
-0  0  - IDs instalados: 
-0  0  - IDs instalados: 
-79.75  141  - IDs instalados: 0 1 3 4 5 6 7 8 9 11 12 13 14 15 16 17 18 19 20 21 22 23 24 25 26 27 28 29 30 31 32 33 34 35 36 37 38 39 40 41 42 43 44 45 46 47 48 49 50 51 52 53 54 56 57 58 59 60 61 62 63 64 65 66 67 68 69 70 71 72 73 74 75 76 77 78 79 80 81 82 83 84 85 86 87 88 89 90 91 92 93 94 95 96 97 98 99 100 101 102 103 104 105 106 107 108 109 110 111 112 115 116 117 119 120 121 122 123 124 125 127 128 129 131 133 134 135 136 137 138 139 140 141 142 143 144 145 146 147 148 149 
-79.75  94  - IDs instalados: 2 3 4 5 6 7 8 9 10 11 12 16 17 18 19 20 21 22 23 25 29 30 31 32 34 38 41 42 43 44 46 47 48 50 51 53 54 55 56 57 59 61 62 63 66 67 68 70 71 72 73 74 75 76 77 78 79 85 86 87 92 94 97 99 101 102 105 106 109 111 112 113 114 116 117 118 120 122 123 124 128 132 133 135 136 137 138 140 141 143 144 145 147 149 
-79.75  62  - IDs instalados: 0 1 3 6 7 10 11 14 15 16 18 22 23 25 31 37 41 42 46 47 48 50 55 59 60 61 62 63 65 69 71 72 73 81 83 84 87 92 93 98 100 102 112 119 120 121 122 123 125 126 131 134 135 136 139 140 141 142 143 144 146 147 
-79.75  119  - IDs instalados: 0 1 2 3 4 6 7 8 10 12 13 14 15 16 19 20 22 23 24 25 27 28 29 30 32 33 34 35 36 38 39 40 41 42 43 44 45 46 48 49 50 51 52 53 54 55 56 57 59 60 61 62 63 64 65 70 71 72 74 75 76 77 78 80 82 84 85 86 87 89 90 91 92 93 94 95 96 97 98 101 103 104 105 106 107 110 111 112 113 115 116 117 118 119 120 121 122 124 125 126 127 128 129 131 132 133 134 135 136 137 138 139 140 144 145 146 147 148 149 
-79.75  149  - IDs instalados: 1 2 3 4 5 6 7 8 9 10 11 12 13 14 15 16 17 18 19 20 21 22 23 24 25 26 27 28 29 30 31 32 33 34 35 36 37 38 39 40 41 42 43 44 45 46 47 48 49 50 51 52 53 54 55 56 57 58 59 60 61 62 63 64 65 66 67 68 69 70 71 72 73 74 75 76 77 78 79 80 81 82 83 84 85 86 87 88 89 90 91 92 93 94 95 96 97 98 99 100 101 102 103 104 105 106 107 108 109 110 111 112 113 114 115 116 117 118 119 120 121 122 123 124 125 126 127 128 129 130 131 132 133 134 135 136 137 138 139 140 141 142 143 144 145 146 147 148 149 
-79.75  108  - IDs instalados: 1 2 3 5 7 10 11 13 16 17 18 19 21 22 27 28 29 31 32 33 35 37 38 40 42 43 45 46 47 48 49 50 52 53 54 55 57 58 60 61 62 63 64 65 66 67 68 71 73 75 76 78 79 80 84 85 86 87 88 89 90 91 93 94 95 96 98 99 100 101 103 104 106 107 109 110 111 112 113 114 116 117 118 119 121 122 123 124 125 126 127 128 129 130 132 133 134 135 136 138 139 142 143 145 146 147 148 149 
-79.75  39  - IDs instalados: 2 3 5 6 7 8 9 10 11 15 21 28 29 31 38 41 49 50 52 55 65 67 78 81 87 93 94 102 105 108 119 121 124 133 134 135 137 138 143 
-79.75  144  - IDs instalados: 0 1 2 3 4 5 6 7 8 9 10 11 12 13 14 15 16 17 18 19 20 21 23 24 25 26 27 28 29 30 32 33 34 35 36 37 38 39 40 41 42 43 44 45 46 47 48 49 50 51 52 53 54 55 56 57 58 59 60 61 62 63 64 65 66 67 69 70 71 72 73 74 75 76 77 78 79 80 81 82 83 84 85 87 88 89 90 91 92 93 94 95 96 97 98 99 100 101 102 103 104 105 106 107 109 110 111 112 113 114 115 116 117 118 119 120 121 122 123 124 125 126 127 128 129 130 131 132 133 134 135 136 137 138 139 140 141 142 143 144 145 146 148 149 
-79.75  104  - IDs instalados: 0 1 3 5 7 9 10 11 12 14 15 16 17 20 21 23 24 25 26 28 29 31 32 33 34 36 39 40 41 42 43 45 47 49 50 51 52 53 54 55 59 61 62 64 65 68 69 71 72 73 77 79 80 81 82 85 86 87 88 89 90 91 92 93 94 96 97 99 100 102 103 104 105 106 107 108 109 110 111 114 116 117 121 123 125 128 129 130 131 132 133 135 136 138 140 141 142 143 144 145 146 147 148 149 
-79.75  106  - IDs instalados: 1 2 3 5 6 11 12 13 14 15 16 20 21 22 23 25 26 27 28 29 30 33 34 35 37 38 39 40 42 43 45 46 47 48 49 50 51 52 53 54 55 56 57 59 61 62 63 64 65 66 67 68 71 73 74 78 79 80 83 84 85 86 88 89 92 93 95 96 97 98 99 101 103 104 108 110 111 113 114 116 117 118 119 120 122 123 124 125 126 127 128 129 130 131 132 133 135 136 139 140 141 144 145 147 148 149 
-79.75  25  - IDs instalados: 11 14 17 26 34 38 40 43 55 56 62 65 71 78 84 87 96 102 117 123 124 135 138 139 141 
-79.75  81  - IDs instalados: 0 1 2 3 4 5 7 9 16 19 21 22 23 26 29 30 31 34 35 36 37 38 40 41 42 43 45 46 47 50 52 54 56 59 60 66 68 69 73 74 75 77 78 79 80 81 82 85 86 89 90 91 94 95 96 97 98 100 103 104 107 108 109 110 112 114 116 119 121 123 126 129 130 131 132 134 135 139 144 145 147 
-79.75  27  - IDs instalados: 6 8 10 15 20 22 31 36 41 42 45 52 75 81 89 94 96 103 105 113 128 132 142 144 145 148 149 
-79.75  147  - IDs instalados: 0 1 2 4 5 6 7 8 9 10 11 12 13 14 15 16 17 18 19 20 21 22 23 24 25 26 27 28 29 30 31 32 33 34 35 36 37 38 39 40 41 42 43 44 45 46 47 48 49 50 51 52 53 54 55 56 57 58 59 60 61 62 63 64 65 66 67 68 69 70 71 72 74 75 76 77 78 79 80 81 82 83 84 85 86 87 88 89 90 91 93 94 95 96 97 98 99 100 101 102 103 104 105 106 107 108 109 110 111 112 113 114 115 116 117 118 119 120 121 122 123 124 125 126 127 128 129 130 131 132 133 134 135 136 137 138 139 140 141 142 143 144 145 146 147 148 149 
-79.75  87  - IDs instalados: 2 3 4 7 8 9 12 13 21 23 24 28 32 33 34 37 39 40 41 42 43 44 45 48 49 50 51 52 55 56 58 60 61 62 64 65 69 72 73 74 76 77 81 83 84 85 88 89 90 91 92 94 95 96 98 99 100 102 104 105 106 107 108 111 112 113 115 118 120 123 126 127 129 130 131 132 133 134 135 138 139 140 141 143 145 147 148 
-79.75  32  - IDs instalados: 3 5 6 8 9 10 20 23 30 44 51 56 67 68 70 80 84 86 88 92 100 101 102 111 112 119 123 128 132 133 134 147 
-79.75  120  - IDs instalados: 0 1 2 3 4 5 6 7 8 9 10 13 14 15 16 17 18 20 22 23 25 27 28 29 30 32 34 35 37 38 39 40 41 42 43 44 46 48 49 50 51 52 55 56 57 58 60 61 62 63 65 66 68 69 71 72 73 74 75 76 77 78 79 80 81 82 84 85 86 87 89 90 92 93 95 96 99 100 101 102 103 104 105 106 107 108 109 110 111 112 113 114 115 117 118 119 120 122 123 124 125 127 128 129 130 133 134 135 136 137 138 139 140 141 143 145 146 147 148 149 
-79.75  95  - IDs instalados: 1 2 4 7 9 11 12 13 14 15 19 20 21 24 25 26 27 28 30 31 34 35 36 37 38 39 41 43 45 46 47 50 51 53 55 56 57 60 62 64 65 66 68 69 70 71 73 74 79 80 82 83 85 86 88 89 90 92 93 95 96 97 98 100 102 103 106 108 110 111 113 114 115 118 119 120 122 124 126 127 128 129 130 131 132 133 134 135 136 137 140 141 144 146 148 
-79.75  49  - IDs instalados: 2 6 8 14 18 19 20 23 25 26 29 30 35 36 38 41 42 45 46 51 56 65 67 70 71 74 75 77 79 85 89 91 95 96 97 98 99 100 106 108 109 114 119 121 132 138 141 143 146 
-79.75  135  - IDs instalados: 1 2 3 4 5 6 8 9 10 11 12 13 14 15 16 17 18 19 20 21 22 23 24 25 26 27 28 30 31 33 34 35 36 37 38 39 41 42 44 45 46 47 48 49 50 51 52 53 54 56 58 59 61 62 63 64 65 66 67 69 70 71 72 73 74 75 76 77 78 80 81 82 83 84 85 86 88 89 90 91 92 93 94 95 96 97 98 99 100 101 102 103 104 105 106 107 108 109 110 111 112 113 114 115 116 117 118 119 120 121 123 124 125 126 127 128 130 131 132 133 134 135 136 137 138 139 140 141 142 144 145 146 147 148 149 
-0  0  - IDs instalados: 
-79.75  76  - IDs instalados: 1 2 3 5 9 10 11 12 16 17 19 23 25 26 27 28 29 30 31 41 43 46 47 48 49 53 54 57 58 59 60 63 66 67 69 70 72 77 79 81 82 83 87 89 91 93 95 102 105 106 107 108 111 112 114 115 117 118 119 120 121 122 123 125 126 127 128 129 130 132 135 137 140 142 147 148 
-79.75  127  - IDs instalados: 0 2 3 4 5 6 7 8 9 10 11 12 13 15 16 17 18 19 22 23 24 25 26 27 28 29 30 31 32 33 34 35 36 37 38 39 40 41 42 43 45 46 47 48 49 50 51 53 54 56 57 58 60 61 62 64 66 67 68 69 71 72 73 74 76 77 78 79 80 81 82 83 85 86 87 88 90 92 93 94 95 96 97 99 100 101 104 105 106 107 108 109 110 111 112 113 114 115 116 117 119 120 121 122 123 124 126 127 128 129 130 131 132 134 136 137 138 139 140 141 142 143 144 146 147 148 149 
-79.75  113  - IDs instalados: 0 1 2 3 4 5 8 10 11 12 14 15 16 19 20 21 22 23 24 25 26 27 29 30 31 32 33 34 36 37 38 39 40 42 43 44 45 46 47 48 50 52 55 56 57 58 59 60 61 62 63 64 65 67 68 70 71 72 73 74 76 78 79 80 81 82 83 85 86 87 89 91 93 94 95 97 99 100 101 102 103 104 105 106 108 109 111 112 113 115 118 121 122 123 125 128 129 130 132 133 134 135 136 137 138 139 140 141 144 146 147 148 149 
-79.75  22  - IDs instalados: 5 11 23 33 34 41 43 49 65 68 85 87 92 100 108 113 115 117 123 131 134 141 
-79.75  22  - IDs instalados: 7 8 11 19 23 31 41 46 47 62 64 70 82 93 96 99 103 104 121 132 137 149 
-79.75  20  - IDs instalados: 1 4 10 21 22 41 50 52 54 59 70 74 84 88 93 94 99 101 103 133 
-79.75  65  - IDs instalados: 7 9 11 13 17 18 19 23 28 30 31 36 40 44 45 46 47 48 49 55 56 58 61 63 68 70 73 74 75 77 78 79 80 84 85 86 88 90 91 93 95 98 100 104 106 108 109 110 111 113 114 117 120 121 130 134 135 136 139 140 141 142 144 145 146 
-79.33  11  - IDs instalados: 26 29 66 73 77 78 85 96 115 134 141 
-79.75  123  - IDs instalados: 0 1 2 3 4 5 6 7 8 9 10 11 12 13 16 17 18 19 21 22 23 24 25 27 28 29 30 31 33 36 38 39 40 41 42 44 46 48 49 51 52 53 54 56 57 58 59 60 61 62 63 64 65 66 67 68 69 70 71 72 73 74 75 76 77 78 79 80 82 83 84 85 86 87 88 89 92 94 95 96 100 101 102 103 104 105 106 107 108 110 111 113 114 116 117 118 119 120 122 124 125 126 127 128 129 131 132 133 134 135 136 137 138 139 140 141 142 143 144 145 146 148 149 
-79.75  144  - IDs instalados: 0 1 3 4 6 7 8 9 10 11 12 13 14 15 16 17 18 20 21 22 23 24 25 26 27 28 29 30 31 32 33 34 35 36 37 38 39 40 41 42 43 44 45 46 47 48 49 50 51 52 53 54 55 56 57 58 59 60 61 63 64 65 66 67 68 69 70 71 72 73 74 75 76 77 78 79 81 82 83 84 85 86 87 88 89 90 91 92 93 94 95 96 97 98 99 100 101 102 103 104 105 106 107 108 109 110 111 112 113 114 115 116 117 118 119 120 121 122 123 124 125 126 127 128 129 130 131 132 134 135 136 137 138 139 140 141 142 143 144 145 146 147 148 149 
-79.75  143  - IDs instalados: 0 1 2 3 4 5 6 7 8 9 10 11 12 13 14 15 18 19 20 21 22 23 24 25 26 27 28 29 30 31 32 33 34 35 36 37 38 39 40 41 42 43 44 45 46 47 48 49 50 51 52 53 54 55 56 57 58 59 60 61 62 63 64 65 66 67 68 69 70 71 72 73 74 75 76 77 78 79 80 81 82 83 84 86 87 88 89 90 91 92 93 94 95 96 97 98 99 100 102 103 104 105 106 107 108 109 110 111 113 114 115 116 117 118 119 120 121 122 123 124 125 126 127 129 130 131 132 133 134 135 136 137 138 139 140 142 143 144 145 146 147 148 149 
-79.75  113  - IDs instalados: 0 1 2 3 4 5 6 7 8 9 10 12 13 15 16 17 18 19 22 23 24 26 27 28 31 32 34 35 38 39 40 41 42 44 45 47 48 49 50 51 52 53 54 55 58 59 60 61 62 63 64 65 67 68 69 71 72 73 74 75 76 77 79 80 81 84 85 86 88 89 90 91 92 93 97 98 100 102 104 105 106 107 108 109 110 115 116 117 118 119 121 122 124 126 127 128 129 130 131 132 133 135 136 137 138 139 140 141 143 144 145 147 148 
-79.75  150  - IDs instalados: 0 1 2 3 4 5 6 7 8 9 10 11 12 13 14 15 16 17 18 19 20 21 22 23 24 25 26 27 28 29 30 31 32 33 34 35 36 37 38 39 40 41 42 43 44 45 46 47 48 49 50 51 52 53 54 55 56 57 58 59 60 61 62 63 64 65 66 67 68 69 70 71 72 73 74 75 76 77 78 79 80 81 82 83 84 85 86 87 88 89 90 91 92 93 94 95 96 97 98 99 100 101 102 103 104 105 106 107 108 109 110 111 112 113 114 115 116 117 118 119 120 121 122 123 124 125 126 127 128 129 130 131 132 133 134 135 136 137 138 139 140 141 142 143 144 145 146 147 148 149 
-79.75  94  - IDs instalados: 1 2 3 5 7 9 13 14 16 17 18 19 20 21 22 23 25 28 29 30 32 33 34 35 40 44 47 49 51 52 53 55 56 58 60 62 64 65 66 67 68 69 71 72 73 75 76 77 78 80 81 84 85 86 88 90 91 92 95 97 99 100 101 102 105 107 111 112 113 114 115 116 117 118 121 122 123 124 125 126 127 128 129 131 134 135 136 138 139 140 142 143 144 149 
-79.75  110  - IDs instalados: 1 2 3 4 5 6 7 9 10 11 12 13 14 15 17 18 21 22 27 28 29 30 31 32 33 34 35 37 38 39 41 44 45 46 47 51 52 53 54 55 60 61 62 63 64 65 66 68 71 72 74 75 76 77 80 84 85 86 88 89 90 91 92 94 95 96 97 98 99 100 101 102 103 104 105 106 107 108 109 110 111 112 113 115 116 117 118 119 120 122 123 124 125 126 127 128 129 132 133 135 136 137 139 140 141 142 143 145 146 148 
-79.75  21  - IDs instalados: 8 11 14 16 17 23 32 34 43 52 65 84 86 88 90 102 103 119 127 140 141 
-79.75  145  - IDs instalados: 0 1 2 3 4 5 6 7 8 9 10 11 12 13 14 15 16 17 18 19 20 21 22 23 25 26 27 28 29 30 31 32 33 34 35 36 37 38 39 40 41 42 43 44 45 46 47 48 49 50 51 52 53 54 55 56 57 58 59 60 61 62 63 64 65 66 67 68 69 70 71 72 73 74 75 76 77 78 79 80 81 82 83 84 85 86 87 88 89 90 91 92 93 94 95 96 97 98 99 100 101 102 103 104 105 106 107 108 110 111 112 113 114 115 116 117 118 119 121 122 123 124 125 126 127 128 129 131 132 133 134 135 136 137 139 140 141 142 143 144 145 146 147 148 149 
-79.75  82  - IDs instalados: 0 1 5 6 7 11 12 14 15 16 17 24 25 26 27 28 30 31 35 36 38 40 41 46 47 48 51 53 55 56 57 58 60 62 64 67 68 69 71 73 75 77 78 79 80 82 85 87 89 96 100 101 103 105 107 108 109 110 111 112 115 116 117 119 120 123 124 125 126 127 130 131 133 136 138 141 142 145 146 147 148 149 
-79.75  29  - IDs instalados: 0 5 15 21 29 31 33 34 38 40 43 44 58 59 66 71 77 89 94 99 102 103 105 106 107 109 118 136 146 
-79.75  87  - IDs instalados: 0 2 4 5 9 11 12 13 15 17 20 21 22 23 25 27 28 30 31 34 35 37 38 40 42 44 45 46 47 48 49 50 52 53 55 61 62 64 65 66 67 68 69 70 71 72 76 78 80 82 83 84 86 91 92 93 95 96 98 101 104 105 106 108 109 110 112 114 115 117 119 120 121 123 124 125 130 134 135 136 137 138 140 141 145 146 148 
-79.75  98  - IDs instalados: 1 2 5 6 8 10 11 12 13 14 15 16 17 20 21 23 24 25 26 27 28 31 33 34 35 36 37 38 39 41 43 44 45 46 47 48 49 50 51 52 53 55 56 59 61 62 63 64 65 68 70 73 75 77 78 81 87 88 92 93 95 96 99 100 102 103 105 106 107 109 110 112 113 117 118 119 122 123 124 125 126 128 129 130 131 132 133 134 135 136 139 141 142 143 144 145 146 148 
-79.75  55  - IDs instalados: 0 12 13 14 15 18 19 24 26 27 28 31 37 40 48 49 52 53 55 59 65 77 78 79 82 83 84 92 93 95 96 98 100 104 106 108 112 113 115 118 119 121 123 125 127 129 132 134 137 140 142 144 147 148 149 
-79.75  8  - IDs instalados: 7 36 46 65 74 112 124 134 
-79.75  144  - IDs instalados: 0 1 2 3 4 5 6 7 8 9 10 11 12 13 14 15 16 17 18 20 21 22 23 24 25 26 27 28 29 30 32 33 34 35 36 37 38 39 40 41 42 43 44 45 46 47 48 49 50 52 53 54 55 56 57 58 59 60 61 62 63 64 65 66 67 68 69 70 71 72 74 75 76 77 78 79 80 82 83 84 85 86 87 88 89 90 91 92 93 94 95 96 97 98 99 100 101 102 103 104 105 106 107 108 109 110 111 112 113 114 115 117 118 119 120 121 122 123 124 125 126 127 128 129 130 131 132 133 134 135 136 137 138 139 140 141 142 143 144 145 146 147 148 149 
-79.07  8  - IDs instalados: 20 34 58 65 95 113 115 129 
-79.75  104  - IDs instalados: 0 1 2 3 4 5 7 8 9 11 12 13 15 16 17 20 22 23 25 27 28 29 30 31 32 33 34 35 36 37 39 40 41 42 43 44 46 47 48 49 50 52 56 58 59 61 63 65 67 70 71 73 74 75 76 77 78 79 81 85 86 88 89 90 92 93 94 95 96 100 103 105 106 108 109 111 113 114 116 117 118 119 120 121 122 125 126 127 128 129 130 131 132 134 135 136 138 139 140 142 143 145 146 148 
-79.75  98  - IDs instalados: 0 1 3 6 7 9 13 14 15 17 18 19 20 21 23 24 25 28 29 30 31 32 33 34 35 36 37 39 40 42 43 44 45 46 47 50 53 59 62 63 65 66 67 68 69 70 72 73 74 76 77 78 79 80 81 82 84 86 87 90 91 92 93 94 97 99 100 101 102 103 105 106 107 109 110 111 112 113 114 115 116 119 120 121 123 124 126 128 129 130 135 140 141 142 143 144 148 149 
-79.75  71  - IDs instalados: 0 1 5 7 8 9 10 12 17 18 20 21 22 25 29 30 31 33 35 36 38 40 42 43 44 46 47 52 59 60 66 67 68 70 73 74 75 78 82 83 85 88 90 91 92 93 95 97 100 102 105 115 116 117 118 120 122 126 127 128 134 136 138 139 140 141 142 143 145 146 148 
-79.75  38  - IDs instalados: 1 2 4 17 21 25 26 30 36 41 42 50 53 58 59 64 66 69 73 74 75 78 83 94 98 103 105 111 113 120 123 128 134 137 138 139 141 146 
-79.75  141  - IDs instalados: 0 1 2 3 4 5 6 7 8 9 10 11 12 13 14 15 16 18 19 20 21 22 23 24 25 26 27 28 29 30 31 32 33 35 36 37 38 39 40 41 42 43 44 45 46 47 48 49 50 51 52 53 54 55 56 57 58 59 60 61 62 63 64 65 66 67 68 69 70 71 72 73 74 75 76 77 79 80 81 82 83 84 85 86 87 88 89 90 91 92 94 95 96 97 99 100 101 102 103 104 105 106 107 108 109 110 111 112 114 115 116 117 118 119 120 121 122 123 124 125 126 127 128 129 130 131 132 133 134 135 136 137 138 139 141 143 145 146 147 148 149 
-79.75  88  - IDs instalados: 0 3 4 5 9 10 11 14 15 16 17 18 19 20 21 22 25 27 31 33 35 37 38 39 40 43 48 49 50 53 54 55 56 58 59 64 65 66 67 68 69 72 73 74 75 76 77 80 81 84 85 86 91 94 95 96 99 100 101 102 103 104 106 108 110 113 114 115 117 118 119 120 121 122 123 124 126 131 136 138 139 141 143 144 146 147 148 149 
-79.75  44  - IDs instalados: 2 6 8 10 12 15 16 18 19 25 31 32 34 35 39 48 49 53 54 55 58 69 72 74 75 78 81 84 93 99 100 108 110 113 118 122 126 127 133 135 137 140 144 149 
-79.75  137  - IDs instalados: 0 1 2 3 4 5 6 7 8 9 10 11 12 13 14 16 17 18 19 20 21 22 23 24 25 26 27 28 29 30 31 32 34 35 36 37 38 39 40 42 43 44 45 46 47 48 49 50 51 52 53 55 56 57 58 59 60 61 63 64 65 66 67 68 69 70 71 72 73 76 77 78 79 80 81 82 84 85 87 88 89 90 91 92 93 94 95 96 97 98 99 100 101 103 104 105 106 108 109 110 111 112 113 114 115 116 117 118 120 121 122 123 124 125 126 127 128 129 130 131 132 133 134 135 136 137 138 139 140 142 143 144 145 146 147 148 149 
-79.75  137  - IDs instalados: 0 1 2 3 4 5 6 7 8 10 11 12 13 14 15 16 17 18 19 20 21 22 23 24 25 26 27 28 29 30 32 35 36 37 38 39 40 41 42 43 44 45 46 47 48 49 50 51 52 53 54 55 56 57 58 59 60 61 63 64 65 66 67 71 72 73 74 75 76 77 78 79 80 81 82 83 84 85 86 87 88 89 90 91 92 93 94 95 96 97 98 99 100 101 102 104 105 106 107 108 110 111 112 113 114 115 116 117 118 119 120 121 122 123 124 125 126 127 129 130 132 133 134 135 136 137 138 140 141 142 143 144 145 146 147 148 149 
-79.75  138  - IDs instalados: 0 1 2 3 4 5 6 7 8 9 10 11 12 13 14 18 19 20 21 22 23 24 25 26 28 29 30 31 32 33 34 35 36 37 38 39 40 41 42 44 45 46 47 48 49 50 51 52 53 54 55 56 57 58 59 60 61 62 63 64 65 66 67 68 69 70 72 73 74 75 76 77 78 79 80 81 82 83 84 85 86 87 88 89 90 91 92 93 94 95 96 97 99 100 101 103 105 106 107 108 109 111 112 113 114 115 116 117 118 119 120 121 122 123 124 125 126 127 128 129 131 132 133 134 136 137 138 139 140 141 142 143 144 145 146 147 148 149 
-79.75  92  - IDs instalados: 0 3 5 6 7 8 12 13 17 22 23 24 26 28 29 30 32 34 35 37 38 39 41 43 44 45 46 47 48 50 52 56 58 62 64 65 67 68 70 71 73 74 75 76 78 79 81 82 83 85 86 87 89 91 94 95 99 101 102 105 107 108 109 110 111 112 113 114 115 116 117 118 119 120 122 124 125 126 127 128 129 130 131 132 136 138 140 143 145 146 148 149 
-79.75  131  - IDs instalados: 0 1 2 3 5 6 7 8 9 10 11 12 15 16 17 18 20 21 22 23 24 25 26 27 28 29 31 32 33 36 38 39 41 42 43 44 45 47 48 49 50 51 52 53 55 56 57 58 59 60 61 62 63 65 67 68 69 70 71 72 73 74 76 77 78 79 80 81 82 83 84 85 86 87 88 89 90 91 92 93 94 95 96 97 98 99 100 101 102 103 104 105 106 107 108 109 110 111 112 113 114 117 118 120 121 122 123 124 126 127 128 129 130 131 132 134 135 136 137 138 139 140 141 142 143 144 145 146 147 148 149 
-0  0  - IDs instalados: 
-79.75  95  - IDs instalados: 0 2 3 5 6 8 9 10 11 12 13 16 17 19 20 21 22 23 25 27 28 29 30 32 34 35 36 37 40 41 42 43 45 46 47 48 51 52 53 55 56 57 59 61 62 63 65 67 68 70 71 73 75 77 81 82 83 85 86 87 88 89 91 92 94 96 98 100 102 103 104 107 109 110 111 112 113 114 116 118 121 126 127 128 129 130 131 132 135 136 138 145 146 148 149 
-79.75  79  - IDs instalados: 1 3 4 10 11 12 13 14 16 17 19 20 21 22 24 25 26 28 29 31 32 33 35 36 38 39 45 48 49 50 51 52 55 56 58 61 62 64 65 67 68 70 74 75 77 78 80 86 87 88 90 92 94 96 97 99 101 102 103 104 106 107 109 110 111 113 120 122 123 129 130 131 136 140 141 145 146 147 148 
-79.75  64  - IDs instalados: 1 3 4 6 7 9 10 12 25 26 28 29 31 34 35 36 38 39 41 45 48 49 51 52 56 58 59 63 66 68 73 75 76 77 78 83 86 87 89 90 91 92 93 94 101 106 109 110 113 118 120 122 126 127 130 131 135 136 137 138 139 141 142 144 
-79.75  43  - IDs instalados: 1 3 5 8 11 20 24 26 27 29 36 39 42 43 45 46 54 55 57 59 64 65 69 76 79 81 89 90 92 93 97 99 102 104 114 117 122 133 138 140 143 147 149 
-70.67  3  - IDs instalados: 49 56 101 
-79.75  83  - IDs instalados: 0 1 2 4 6 8 9 10 12 13 15 17 19 20 21 22 23 27 30 34 35 36 37 38 39 40 41 42 44 46 47 50 51 52 53 55 56 57 58 60 62 66 67 72 73 74 81 82 83 84 86 88 90 91 93 95 99 101 103 106 109 110 111 112 114 115 117 119 120 123 124 125 127 128 130 131 132 133 135 137 140 141 147 
-79.75  123  - IDs instalados: 0 1 2 4 5 6 7 9 10 11 12 13 14 15 16 17 18 19 21 23 24 25 26 27 28 29 30 31 33 34 35 36 37 39 40 43 44 45 46 47 48 50 51 53 54 55 56 57 58 59 60 61 62 63 65 66 67 68 70 71 72 74 76 77 78 79 81 82 83 85 86 87 88 89 90 91 92 93 95 96 97 98 99 100 101 102 103 104 105 107 108 109 112 113 114 115 116 117 118 119 120 121 122 123 125 128 129 130 132 134 135 136 137 138 139 140 143 144 145 146 147 148 149 
-79.75  127  - IDs instalados: 0 1 2 3 5 6 7 9 11 13 14 16 17 18 19 20 21 22 23 24 25 26 28 29 30 31 32 33 34 35 37 40 41 42 43 44 45 46 47 48 49 50 51 52 53 54 55 57 58 60 61 62 63 64 65 66 67 68 69 70 71 72 73 74 75 76 77 78 79 81 82 83 85 86 89 90 91 93 94 95 96 97 98 99 100 101 102 103 105 106 107 108 110 111 112 113 114 115 116 117 118 119 120 121 122 123 124 125 126 127 128 130 131 132 133 134 136 137 138 139 140 142 144 146 147 148 149 
-79.75  111  - IDs instalados: 0 1 3 4 5 7 8 9 10 11 12 13 14 15 16 17 19 21 23 24 26 27 28 29 30 31 34 36 37 39 40 41 42 43 45 46 52 53 56 57 58 59 60 61 62 63 64 65 66 67 68 69 71 73 74 75 76 78 79 80 81 82 85 88 90 91 92 93 94 95 97 98 99 100 101 102 103 104 105 107 108 109 110 113 114 115 116 117 118 121 122 123 124 126 127 128 129 130 131 132 133 134 135 136 137 140 141 143 144 145 146 
-79.75  87  - IDs instalados: 0 1 2 4 6 9 11 12 13 17 18 20 21 23 24 26 27 28 33 34 35 36 38 39 40 41 44 47 48 49 50 52 53 55 56 57 58 60 61 63 66 68 69 70 73 74 75 76 77 84 85 86 87 89 91 92 94 97 98 99 101 102 103 107 109 110 111 112 118 120 123 124 125 126 127 129 131 132 133 135 137 139 141 142 144 148 149 
-79.75  128  - IDs instalados: 0 2 3 4 5 6 7 8 9 10 11 13 14 15 16 18 19 20 21 22 23 25 26 27 28 29 30 31 32 33 34 35 36 37 38 40 41 42 43 46 47 48 50 51 52 53 54 55 56 59 60 62 63 64 65 66 67 68 69 70 72 73 74 75 76 77 78 79 80 81 82 83 84 85 86 88 89 90 91 92 93 94 96 97 98 100 101 102 103 105 108 109 110 111 112 113 114 115 116 117 118 119 120 121 122 124 125 126 127 128 129 130 131 132 133 134 135 136 137 138 139 140 141 143 145 146 147 149 
-79.75  139  - IDs instalados: 0 1 2 3 4 5 6 7 8 10 11 12 13 14 15 16 17 18 19 20 21 22 23 24 25 26 27 28 29 30 32 33 34 35 36 38 39 40 41 42 43 44 45 46 47 48 49 51 52 53 54 55 56 57 58 59 60 61 62 63 64 65 66 67 68 70 71 72 73 75 76 77 78 80 81 82 83 84 85 88 89 90 92 93 94 95 96 97 98 99 100 101 102 103 104 105 106 107 108 109 110 111 112 113 114 115 116 117 118 119 120 121 122 123 124 125 126 127 128 129 130 131 133 134 135 136 137 138 139 140 141 142 143 144 145 146 147 148 149 
