/* CONJUNTOS */
set N:= 1800 ;

/* PARAMETROS */
param P:= 100.0 ;
param R:= 800.0 ;
param c1:= 1.0 ;
param c2:= 0.2 ;
param nombre_instancia := "alcaldia_cuajimalpa.dat" ;

param : coordx coordy flag prob_ohca:=
1 470613.075229 2138056.001941 1 1.00
2 472485.015928 2140876.424674 1 1.00
3 469246.998873 2139706.986356 1 1.00
4 469003.971507 2139589.000291 1 1.00
5 467520.954732 2140292.029602 1 1.00
6 468545.856731 2140693.446823 1 1.00
7 468543.811271 2141270.509316 1 1.00
8 468075.814108 2141253.511366 1 1.00
9 468489.031090 2141474.981799 1 1.00
10 468539.052490 2141190.957549 1 1.00
11 468460.970062 2140918.995646 1 1.00
12 468049.704619 2140862.478239 1 1.00
13 472733.775138 2143789.284671 1 1.00
14 473636.873804 2143902.474878 1 1.00
15 473469.931295 2143983.495612 1 1.00
16 472986.929421 2143640.519113 1 1.00
17 473392.919855 2143667.471295 1 1.00
18 472681.318340 2143958.774371 1 1.00
19 472431.841549 2143828.470220 1 1.00
20 472731.905421 2144221.500589 1 1.00
21 472813.712818 2143808.750270 1 1.00
22 472665.996471 2143686.036297 1 1.00
23 473678.039627 2144050.026882 1 1.00
24 473216.223566 2143117.562208 1 1.00
25 473001.358332 2142867.142295 1 1.00
26 472795.594176 2142662.497451 1 1.00
27 470473.921056 2142276.537508 1 1.00
28 468406.058222 2139599.546789 1 1.00
29 468409.922098 2139284.841442 1 1.00
30 470182.837777 2139600.415654 1 1.00
31 468009.869367 2139529.422038 1 1.00
32 468135.522729 2139431.272754 1 1.00
33 470806.818515 2139798.467270 1 1.00
34 471430.836466 2139895.513642 1 1.00
35 469017.834111 2139834.516746 1 1.00
36 467781.638653 2138995.811357 1 1.00
37 468245.876316 2139532.438136 1 1.00
38 468494.457063 2139276.174302 1 1.00
39 468304.084125 2139303.947568 1 1.00
40 468507.257482 2139631.903162 1 1.00
41 468221.958478 2139548.967349 1 1.00
42 468811.076041 2139699.201716 1 1.00
43 471455.081996 2139914.216861 1 1.00
44 467830.884005 2139535.911544 1 1.00
45 468767.014205 2139277.031447 1 1.00
46 468216.012486 2139032.004474 1 1.00
47 470574.939143 2139544.422914 1 1.00
48 465805.800765 2136616.497416 1 1.00
49 471720.209683 2140854.314339 1 1.00
50 470985.897631 2140328.431140 1 1.00
51 472005.698985 2141061.657749 1 1.00
52 471670.323662 2140706.487306 1 1.00
53 470796.963400 2140854.005897 1 1.00
54 468429.898851 2139961.453127 1 1.00
55 468905.852119 2140189.463397 1 1.00
56 468485.856483 2140372.434039 1 1.00
57 468740.870404 2140502.453749 1 1.00
58 469164.852453 2140564.469193 1 1.00
59 469852.839024 2140993.423864 1 1.00
60 468804.881831 2139982.493140 1 1.00
61 468807.889076 2139715.481003 1 1.00
62 468544.856566 2140237.444970 1 1.00
63 469402.837891 2140316.423873 1 1.00
64 469186.904108 2140067.486669 1 1.00
65 468273.905158 2139584.506975 1 1.00
66 468284.848486 2140738.494427 1 1.00
67 469119.850903 2140472.481916 1 1.00
68 468438.836489 2140269.497203 1 1.00
69 468904.482219 2139941.491147 1 1.00
70 468651.815476 2140323.127164 1 1.00
71 469829.732490 2140974.588084 1 1.00
72 468101.152251 2140379.884566 1 1.00
73 469463.697494 2140434.268107 1 1.00
74 468256.964396 2140527.969234 1 1.00
75 468128.995616 2140380.028202 1 1.00
76 468726.045660 2140431.992935 1 1.00
77 468647.961336 2140523.970121 1 1.00
78 468295.995127 2140024.980287 1 1.00
79 468335.020692 2140421.052141 1 1.00
80 468753.006065 2140108.948700 1 1.00
81 468366.025212 2140253.025881 1 1.00
82 468131.033757 2140523.985040 1 1.00
83 468997.803205 2140152.542619 1 1.00
84 472062.032046 2143361.967495 1 1.00
85 472048.995839 2143352.028766 1 1.00
86 469721.223997 2142395.650144 1 1.00
87 469952.672105 2140874.856799 1 1.00
88 466454.798358 2136968.494653 1 1.00
89 469931.901983 2140792.456527 1 1.00
90 470095.851016 2140734.424536 1 1.00
91 469816.987045 2140780.032755 1 1.00
92 470201.017314 2140758.042080 1 1.00
93 471051.993104 2140943.005328 1 1.00
94 469784.546428 2142428.208406 1 1.00
95 470215.879620 2142198.505977 1 1.00
96 470069.840767 2142156.476676 1 1.00
97 470079.849713 2142494.507169 1 1.00
98 470202.895115 2141901.532926 1 1.00
99 469731.739936 2142120.632673 1 1.00
100 469893.102971 2142410.276798 1 1.00
101 470234.579690 2142459.064673 1 1.00
102 470229.043331 2142348.973350 1 1.00
103 469796.946059 2142242.021734 1 1.00
104 470078.021822 2142404.991343 1 1.00
105 470115.022331 2141916.947679 1 1.00
106 470075.976591 2142311.049736 1 1.00
107 469894.948529 2142067.025982 1 1.00
108 470688.898130 2142155.465713 1 1.00
109 470533.901288 2141899.443089 1 1.00
110 470643.243318 2141522.822379 1 1.00
111 470853.879236 2142092.459267 1 1.00
112 470352.744252 2141678.601459 1 1.00
113 470548.372862 2141822.072728 1 1.00
114 470498.847468 2141848.046140 1 1.00
115 470091.951291 2141809.209064 1 1.00
116 468961.849684 2141691.503980 1 1.00
117 469170.950031 2141310.042905 1 1.00
118 469998.908418 2140984.440183 1 1.00
119 470137.197963 2141161.811042 1 1.00
120 468834.851434 2140860.477929 1 1.00
121 468770.532186 2140284.415114 1 1.00
122 469192.860578 2140916.189410 1 1.00
123 464797.833029 2135399.461128 1 1.00
124 464850.477352 2134861.805085 1 1.00
125 464970.325930 2134359.207888 1 1.00
126 464711.032320 2135115.028563 1 1.00
127 464991.958488 2135119.022896 1 1.00
128 464285.740734 2134531.111018 1 1.00
129 464605.959148 2135268.044983 1 1.00
130 464822.238553 2135016.473410 1 1.00
131 464796.990259 2135887.001983 1 1.00
132 464192.954117 2135090.036753 1 1.00
133 470573.910581 2140797.490271 1 1.00
134 471568.837396 2141166.482781 1 1.00
135 471490.785795 2141125.174376 1 1.00
136 470387.333732 2141053.129991 1 1.00
137 465170.033303 2136110.025408 1 1.00
138 469880.854526 2139775.525043 1 1.00
139 470255.042185 2140464.057822 1 1.00
140 470204.043084 2140553.992078 1 1.00
141 470521.034875 2140805.754470 1 1.00
142 467299.817680 2138392.503840 1 1.00
143 467537.838655 2139690.486048 1 1.00
144 467192.164131 2139095.348035 1 1.00
145 467150.927558 2138769.547722 1 1.00
146 467657.427576 2139011.551225 1 1.00
147 467240.044331 2139262.016620 1 1.00
148 467660.961665 2138999.013419 1 1.00
149 467324.021292 2139643.952356 1 1.00
150 469836.534220 2140155.803851 1 1.00
151 469687.907792 2140461.455033 1 1.00
152 469401.880363 2139997.522073 1 1.00
153 469903.460281 2140170.631006 1 1.00
154 469568.956992 2139984.958761 1 1.00
155 470700.904253 2141266.455609 1 1.00
156 470433.856819 2141083.425208 1 1.00
157 471819.839167 2142656.483045 1 1.00
158 471929.863434 2143113.532995 1 1.00
159 472542.852204 2143218.489705 1 1.00
160 471334.915310 2142601.473705 1 1.00
161 471306.172780 2143284.362788 1 1.00
162 472743.923377 2142926.503564 1 1.00
163 471193.222984 2141258.917520 1 1.00
164 471353.588351 2141371.851075 1 1.00
165 472639.948558 2142637.965159 1 1.00
166 472166.003884 2142413.949140 1 1.00
167 472102.969681 2143625.038787 1 1.00
168 472742.949479 2144582.989542 1 1.00
169 472136.023446 2143814.980269 1 1.00
170 468830.842160 2141155.487463 1 1.00
171 469633.828268 2140654.525172 1 1.00
172 469488.117353 2141815.083372 1 1.00
173 469678.848324 2141953.523287 1 1.00
174 470073.919144 2141700.466290 1 1.00
175 469284.884506 2141613.483344 1 1.00
176 469762.835856 2141434.528156 1 1.00
177 469765.872786 2141744.463920 1 1.00
178 470008.550657 2141798.502696 1 1.00
179 469559.816788 2141486.210902 1 1.00
180 469744.538068 2141608.727467 1 1.00
181 469974.955299 2141741.018378 1 1.00
182 469290.976668 2141428.017482 1 1.00
183 469797.012881 2141335.989524 1 1.00
184 469703.948956 2141766.034034 1 1.00
185 469446.991919 2141589.972360 1 1.00
186 469844.964480 2141752.963267 1 1.00
187 469986.955146 2141503.978477 1 1.00
188 469519.280362 2141347.158563 1 1.00
189 465490.842867 2136989.441384 1 1.00
190 465757.895812 2137451.357757 1 1.00
191 465442.097583 2136667.502274 1 1.00
192 465175.305169 2136345.146261 1 1.00
193 465704.783294 2137360.500628 1 1.00
194 465238.916711 2137139.082227 1 1.00
195 465737.253288 2137812.680638 1 1.00
196 465464.657409 2137527.046204 1 1.00
197 465605.527834 2137199.023248 1 1.00
198 465753.015354 2137090.968321 1 1.00
199 465312.048748 2136875.033802 1 1.00
200 465868.960130 2138365.037107 1 1.00
201 470414.816674 2138743.469022 1 1.00
202 470588.824029 2138722.494361 1 1.00
203 469929.899393 2138758.428712 1 1.00
204 471237.897447 2138964.449711 1 1.00
205 469784.913365 2138987.500336 1 1.00
206 470309.247327 2138801.512891 1 1.00
207 470309.697976 2138691.633457 1 1.00
208 470542.861649 2138813.525792 1 1.00
209 471606.988203 2138833.962297 1 1.00
210 470946.012159 2138702.002108 1 1.00
211 471871.343102 2138988.394687 1 1.00
212 470120.639012 2138107.532661 1 1.00
213 471511.045875 2139138.962023 1 1.00
214 469471.995299 2138472.046919 1 1.00
215 466396.798573 2140027.510478 1 1.00
216 466567.894982 2139860.439423 1 1.00
217 466611.893581 2139170.432575 1 1.00
218 466800.553423 2139987.153718 1 1.00
219 466415.793613 2139792.336062 1 1.00
220 466660.282162 2139325.148197 1 1.00
221 466844.581732 2139711.545495 1 1.00
222 466842.999772 2139938.056554 1 1.00
223 466624.984658 2139949.963947 1 1.00
224 466311.013667 2139813.001091 1 1.00
225 466944.027223 2139760.051839 1 1.00
226 468547.817942 2140552.470685 1 1.00
227 468792.482074 2140711.832244 1 1.00
228 468810.555569 2140778.525318 1 1.00
229 472115.421431 2140996.204451 1 1.00
230 472365.834112 2140270.508987 1 1.00
231 472633.699882 2140291.140637 1 1.00
232 472280.083977 2140430.520411 1 1.00
233 468580.225091 2136643.612518 1 1.00
234 469354.855917 2141755.444348 1 1.00
235 469357.883713 2141931.489268 1 1.00
236 469395.850835 2141840.467833 1 1.00
237 469132.152253 2141791.836372 1 1.00
238 469188.960828 2141712.017126 1 1.00
239 469559.858716 2140822.510515 1 1.00
240 469821.875529 2141193.536985 1 1.00
241 469254.818777 2141223.480112 1 1.00
242 465243.826665 2135475.397423 1 1.00
243 465262.952903 2135753.986231 1 1.00
244 465282.011318 2135281.459788 1 1.00
245 467755.827191 2140016.525923 1 1.00
246 467910.885696 2140038.492614 1 1.00
247 467927.854467 2140369.427718 1 1.00
248 467579.583321 2140011.639028 1 1.00
249 467484.481729 2139982.485856 1 1.00
250 467718.959250 2139600.976384 1 1.00
251 467515.182624 2137768.695967 1 1.00
252 466798.364040 2137466.911174 1 1.00
253 466916.333920 2137509.993715 1 1.00
254 467343.011625 2138288.965135 1 1.00
255 467279.021507 2135473.948216 1 1.00
256 467392.432223 2138038.210843 1 1.00
257 467968.013876 2141938.980350 1 1.00
258 473999.914318 2143576.959933 1 1.00
259 473914.490343 2144031.632939 1 1.00
260 473926.845987 2143820.669694 1 1.00
261 470138.818725 2139209.881623 0 1.00
262 469701.311705 2141381.627704 0 1.00
263 471786.000751 2140749.755171 0 1.00
264 469287.446646 2140707.336430 0 1.00
265 468473.483193 2140081.325887 0 1.00
266 468473.483193 2140081.325887 0 1.00
267 469751.538187 2140011.653133 0 1.00
268 469902.216587 2138405.822515 0 1.00
269 469255.791323 2141239.633896 0 1.00
270 468338.588040 2140419.054153 0 1.00
271 472130.875022 2143744.612456 0 1.00
272 470281.500365 2141036.535662 0 1.00
273 469989.186838 2141456.393738 0 1.00
274 472710.369522 2142959.196825 0 1.00
275 469804.124879 2141318.383765 0 1.00
276 469804.124879 2141318.383765 0 1.00
277 469356.800686 2140730.456464 0 1.00
278 467913.095298 2140337.917501 0 1.00
279 469371.119187 2140502.485958 0 1.00
280 469736.359094 2141616.154902 0 1.00
281 469997.997430 2139797.683121 0 1.00
282 472684.141793 2144368.963225 0 1.00
283 465813.546441 2137495.735766 0 1.00
284 472172.265215 2144030.035327 0 1.00
285 469071.594469 2140381.274873 0 1.00
286 468431.794039 2140266.189838 0 1.00
287 468431.794039 2140266.189838 0 1.00
288 470768.499372 2140852.059955 0 1.00
289 470768.499372 2140852.059955 0 1.00
290 468349.058600 2139798.269175 0 1.00
291 467565.924723 2140008.786425 0 1.00
292 472798.260640 2144846.815502 0 1.00
293 471193.028503 2141004.082926 0 1.00
294 467605.136067 2139617.002524 0 1.00
295 468152.097380 2140078.567153 0 1.00
296 472167.011667 2144027.830321 0 1.00
297 472599.700376 2143383.166858 0 1.00
298 471068.164162 2140414.498835 0 1.00
299 469584.520205 2139996.440646 0 1.00
300 468106.454133 2139804.226318 0 1.00
301 471300.179236 2141022.724247 0 1.00
302 471300.179236 2141022.724247 0 1.00
303 470336.366217 2138620.882467 0 1.00
304 470336.366217 2138620.882467 0 1.00
305 465756.736603 2137449.368176 0 1.00
306 473818.970191 2144206.840119 0 1.00
307 468660.620686 2140191.655496 0 1.00
308 469375.267864 2140471.495965 0 1.00
309 469375.267864 2140471.495965 0 1.00
310 469079.176693 2139899.919067 0 1.00
311 472750.279650 2142963.562939 0 1.00
312 468498.789293 2140138.821831 0 1.00
313 470759.862351 2140706.011310 0 1.00
314 469211.320215 2141644.701720 0 1.00
315 469166.571865 2141267.448686 0 1.00
316 470341.171963 2140277.355191 0 1.00
317 473459.267455 2143800.158272 0 1.00
318 468783.283654 2140676.106940 0 1.00
319 470989.237020 2140315.036744 0 1.00
320 472373.915363 2142680.859454 0 1.00
321 469529.748580 2139902.477022 0 1.00
322 468775.890192 2140651.775859 0 1.00
323 470212.818920 2142061.300476 0 1.00
324 472737.314353 2144117.699322 0 1.00
325 467406.230616 2139979.195885 0 1.00
326 465089.325504 2136149.351435 0 1.00
327 469831.106011 2141123.588575 0 1.00
328 469537.121490 2140540.935367 0 1.00
329 469006.555909 2141656.115738 0 1.00
330 468464.036607 2140084.661899 0 1.00
331 470884.812496 2138724.009408 0 1.00
332 470884.812496 2138724.009408 0 1.00
333 468991.864880 2141662.780063 0 1.00
334 468481.346003 2140375.650824 0 1.00
335 468467.706281 2140383.420264 0 1.00
336 468467.706281 2140383.420264 0 1.00
337 469935.555783 2138876.043823 0 1.00
338 469935.555783 2138876.043823 0 1.00
339 469863.364537 2140944.276205 0 1.00
340 469775.383001 2139824.609098 0 1.00
341 469775.383001 2139824.609098 0 1.00
342 470433.068108 2138663.879622 0 1.00
343 469622.744616 2142126.458224 0 1.00
344 471222.423737 2140997.397085 0 1.00
345 469928.912791 2141840.461606 0 1.00
346 469928.912791 2141840.461606 0 1.00
347 470115.335890 2142171.007943 0 1.00
348 470115.335890 2142171.007943 0 1.00
349 469560.536621 2140099.388575 0 1.00
350 471314.925825 2141050.364290 0 1.00
351 468368.753938 2140251.914590 0 1.00
352 472034.021720 2142902.687595 0 1.00
353 468863.885563 2139296.118842 0 1.00
354 469685.758862 2140872.647171 0 1.00
355 467888.147040 2139889.814330 0 1.00
356 469130.684699 2140543.835045 0 1.00
357 470041.234044 2141812.612357 0 1.00
358 468450.290923 2140031.572056 0 1.00
359 472110.758054 2140221.437017 0 1.00
360 470222.273861 2142063.498025 0 1.00
361 470503.958374 2138982.445797 0 1.00
362 466727.992188 2137240.642836 0 1.00
363 470503.958374 2138982.445797 0 1.00
364 465238.281681 2135487.358582 0 1.00
365 468898.549463 2139298.272525 0 1.00
366 472353.088126 2144172.501790 0 1.00
367 470202.224762 2142004.884519 0 1.00
368 470202.224762 2142004.884519 0 1.00
369 468534.834554 2140938.785100 0 1.00
370 473942.240681 2143767.367885 0 1.00
371 469130.684699 2140543.835045 0 1.00
372 470192.034228 2142194.119003 0 1.00
373 469064.487976 2139908.796367 0 1.00
374 471623.420774 2140880.579605 0 1.00
375 472034.021720 2142902.687595 0 1.00
376 468863.885563 2139296.118842 0 1.00
377 469685.758862 2140872.647171 0 1.00
378 469685.758862 2140872.647171 0 1.00
379 468579.808516 2140224.991245 0 1.00
380 471264.428478 2140995.117460 0 1.00
381 471264.428478 2140995.117460 0 1.00
382 471264.428478 2140995.117460 0 1.00
383 468761.311872 2140114.024472 0 1.00
384 468761.311872 2140114.024472 0 1.00
385 470433.068108 2138663.879622 0 1.00
386 469741.608106 2141615.039611 0 1.00
387 469079.176693 2139899.919067 0 1.00
388 467751.853279 2140026.159848 0 1.00
389 470481.942426 2142236.799794 0 1.00
390 470221.705148 2142356.731154 0 1.00
391 473102.189855 2143050.453707 0 1.00
392 470180.224397 2140758.961457 0 1.00
393 472221.155917 2140986.988645 0 1.00
394 469701.895538 2140473.160955 0 1.00
395 469375.267864 2140471.495965 0 1.00
396 469336.678668 2141252.775470 0 1.00
397 470759.862351 2140706.011310 0 1.00
398 469223.283518 2140648.798710 0 1.00
399 469223.283518 2140648.798710 0 1.00
400 473125.851123 2143427.747120 0 1.00
401 464781.851613 2135772.615559 0 1.00
402 470169.116836 2142307.023422 0 1.00
403 470709.192008 2138591.507807 0 1.00
404 469197.261808 2138309.628832 0 1.00
405 469166.571865 2141267.448686 0 1.00
406 472577.399185 2143912.124839 0 1.00
407 468383.862256 2139881.198727 0 1.00
408 468410.223029 2139940.905781 0 1.00
409 468410.223029 2139940.905781 0 1.00
410 469731.772609 2141384.896475 0 1.00
411 470160.890561 2142413.264488 0 1.00
412 469468.863295 2141793.648951 0 1.00
413 470177.760141 2139258.505117 0 1.00
414 470236.999497 2142077.858830 0 1.00
415 469371.119187 2140502.485958 0 1.00
416 469218.252776 2141397.932259 0 1.00
417 468850.163268 2139256.307122 0 1.00
418 467565.924723 2140008.786425 0 1.00
419 470028.831397 2141933.245311 0 1.00
420 471059.799057 2142412.914304 0 1.00
421 470853.457223 2142091.242755 0 1.00
422 469130.684699 2140543.835045 0 1.00
423 467605.136067 2139617.002524 0 1.00
424 469947.582327 2139796.659949 0 1.00
425 469956.933511 2142273.071015 0 1.00
426 473298.459370 2143697.486673 0 1.00
427 473298.459370 2143697.486673 0 1.00
428 473938.917116 2143646.760343 0 1.00
429 469547.194495 2141536.800798 0 1.00
430 469135.943395 2140548.252247 0 1.00
431 469863.364537 2140944.276205 0 1.00
432 464927.566876 2136158.514834 0 1.00
433 469203.800436 2140926.572283 0 1.00
434 469203.800436 2140926.572283 0 1.00
435 470132.500488 2139199.933210 0 1.00
436 470132.500488 2139199.933210 0 1.00
437 470029.910800 2141950.948111 0 1.00
438 473144.682751 2144089.427590 0 1.00
439 469771.138279 2141690.234859 0 1.00
440 466256.269353 2137763.796782 0 1.00
441 471300.179236 2141022.724247 0 1.00
442 471623.420774 2140880.579605 0 1.00
443 469494.098800 2141812.417624 0 1.00
444 468473.483193 2140081.325887 0 1.00
445 467256.465141 2139048.868164 0 1.00
446 470503.958374 2138982.445797 0 1.00
447 471222.423737 2140997.397085 0 1.00
448 472871.016954 2142947.890385 0 1.00
449 469011.141255 2140651.372713 0 1.00
450 469400.716655 2141861.262520 0 1.00
451 471673.717000 2140807.469808 0 1.00
452 471519.100729 2140658.329704 0 1.00
453 469356.800686 2140730.456464 0 1.00
454 469943.964922 2141417.739831 0 1.00
455 470015.907446 2142373.668281 0 1.00
456 470068.819257 2142619.232103 0 1.00
457 466718.138544 2139889.707984 0 1.00
458 469317.933081 2140724.989444 0 1.00
459 470069.697899 2141878.957553 0 1.00
460 470433.068108 2138663.879622 0 1.00
461 472743.371864 2144654.360545 0 1.00
462 469097.961685 2140446.515575 0 1.00
463 471788.520346 2138991.470914 0 1.00
464 468973.502025 2140135.791347 0 1.00
465 471266.229329 2140805.897258 0 1.00
466 467987.247251 2140102.094317 0 1.00
467 470622.875825 2138475.461273 0 1.00
468 468591.432319 2141479.783666 0 1.00
469 466593.247553 2139368.758264 0 1.00
470 469243.271596 2140668.682475 0 1.00
471 469684.904583 2142246.966767 0 1.00
472 468545.267632 2140898.931692 0 1.00
473 470206.743425 2142198.520982 0 1.00
474 469350.243334 2141200.745347 0 1.00
475 469917.694432 2140140.841636 0 1.00
476 469917.694432 2140140.841636 0 1.00
477 469815.516697 2138694.771415 0 1.00
478 471613.974052 2140883.913979 0 1.00
479 470217.304760 2142235.019344 0 1.00
480 469430.398295 2140779.019935 0 1.00
481 469325.303345 2140736.042345 0 1.00
482 472353.088126 2144172.501790 0 1.00
483 470281.500365 2141036.535662 0 1.00
484 472710.369522 2142959.196825 0 1.00
485 470069.697899 2141878.957553 0 1.00
486 470069.697899 2141878.957553 0 1.00
487 468046.316123 2137857.937087 0 1.00
488 472217.885283 2140222.379305 0 1.00
489 472217.885283 2140222.379305 0 1.00
490 470202.224762 2142004.884519 0 1.00
491 469844.681385 2141077.091512 0 1.00
492 469651.365540 2141658.345262 0 1.00
493 471188.539603 2140822.618428 0 1.00
494 470208.053482 2142356.753574 0 1.00
495 470013.904281 2141797.166002 0 1.00
496 471557.439151 2138985.192038 0 1.00
497 469166.571865 2141267.448686 0 1.00
498 472577.399185 2143912.124839 0 1.00
499 472577.399185 2143912.124839 0 1.00
500 471990.996850 2140881.115165 0 1.00
501 468565.022532 2141390.199882 0 1.00
502 469987.241304 2139008.742353 0 1.00
503 469333.678954 2140720.536691 0 1.00
504 471222.423737 2140997.397085 0 1.00
505 472993.158942 2143170.121593 0 1.00
506 470759.862351 2140706.011310 0 1.00
507 470031.767982 2141803.775702 0 1.00
508 472161.297569 2140989.293432 0 1.00
509 469452.216414 2140638.453174 0 1.00
510 470138.818725 2139209.881623 0 1.00
511 470776.845861 2140817.743943 0 1.00
512 471786.000751 2140749.755171 0 1.00
513 468420.768060 2139965.231226 0 1.00
514 467134.657322 2138484.754878 0 1.00
515 470622.875825 2138475.461273 0 1.00
516 469026.041339 2140151.193138 0 1.00
517 470041.234044 2141812.612357 0 1.00
518 470041.234044 2141812.612357 0 1.00
519 471193.028503 2141004.082926 0 1.00
520 468481.346003 2140375.650824 0 1.00
521 468708.099888 2137878.916462 0 1.00
522 469935.555783 2138876.043823 0 1.00
523 468232.015155 2139534.011526 0 1.00
524 469863.364537 2140944.276205 0 1.00
525 470647.714992 2138897.009952 0 1.00
526 469924.751885 2142497.751372 0 1.00
527 469545.109002 2141545.656590 0 1.00
528 465002.085753 2136124.068741 0 1.00
529 470361.652397 2140599.323289 0 1.00
530 470441.614851 2138752.388320 0 1.00
531 468717.083855 2141264.898400 0 1.00
532 472687.276809 2144358.999667 0 1.00
533 471301.934653 2138810.761803 0 1.00
534 468010.501150 2140186.150099 0 1.00
535 471214.016823 2140994.090815 0 1.00
536 472589.768664 2143759.404116 0 1.00
537 468863.885563 2139296.118842 0 1.00
538 467888.147040 2139889.814330 0 1.00
539 467888.147040 2139889.814330 0 1.00
540 470209.664849 2142059.092583 0 1.00
541 468498.789293 2140138.821831 0 1.00
542 469251.720271 2140696.331557 0 1.00
543 468047.249820 2141373.399669 0 1.00
544 468898.549463 2139298.272525 0 1.00
545 468898.549463 2139298.272525 0 1.00
546 469143.417293 2140620.164368 0 1.00
547 465239.283601 2135461.906384 0 1.00
548 470281.500365 2141036.535662 0 1.00
549 469518.510715 2141340.992023 0 1.00
550 472563.671809 2142473.649318 0 1.00
551 472737.314353 2144117.699322 0 1.00
552 472737.314353 2144117.699322 0 1.00
553 473470.714255 2143729.323240 0 1.00
554 465928.758026 2140118.012303 0 1.00
555 468928.038769 2140572.950717 0 1.00
556 470295.932847 2138945.162618 0 1.00
557 472353.088126 2144172.501790 0 1.00
558 470013.904281 2141797.166002 0 1.00
559 470013.904281 2141797.166002 0 1.00
560 471704.014586 2140705.621451 0 1.00
561 470879.463268 2138663.158713 0 1.00
562 469641.643699 2141496.807209 0 1.00
563 470036.972151 2142411.255723 0 1.00
564 471223.466925 2140992.969294 0 1.00
565 468467.706281 2140383.420264 0 1.00
566 473398.496568 2143889.876758 0 1.00
567 469445.753005 2140542.195461 0 1.00
568 469450.567102 2141530.324017 0 1.00
569 470332.177487 2138628.635034 0 1.00
570 470989.237020 2140315.036744 0 1.00
571 470003.523716 2142505.366667 0 1.00
572 469430.398295 2140779.019935 0 1.00
573 469430.398295 2140779.019935 0 1.00
574 465791.518998 2137512.375236 0 1.00
575 472687.276809 2144358.999667 0 1.00
576 464806.248845 2135894.287204 0 1.00
577 469211.320215 2141644.701720 0 1.00
578 469161.529647 2141390.282818 0 1.00
579 468720.546210 2140226.961302 0 1.00
580 468773.316346 2140987.060821 0 1.00
581 468498.789293 2140138.821831 0 1.00
582 472103.357513 2143604.124651 0 1.00
583 472172.265215 2144030.035327 0 1.00
584 469595.092229 2141918.475608 0 1.00
585 469775.383001 2139824.609098 0 1.00
586 469026.026237 2140142.340881 0 1.00
587 471170.142874 2140480.728626 0 1.00
588 469099.717506 2140244.016575 0 1.00
589 467537.597178 2139437.864256 0 1.00
590 471546.340681 2140616.238704 0 1.00
591 469371.119187 2140502.485958 0 1.00
592 469218.252776 2141397.932259 0 1.00
593 469736.359094 2141616.154902 0 1.00
594 472167.011667 2144027.830321 0 1.00
595 469721.430486 2138961.602493 0 1.00
596 471068.164162 2140414.498835 0 1.00
597 471068.164162 2140414.498835 0 1.00
598 473584.175705 2143767.886250 0 1.00
599 469947.582327 2139796.659949 0 1.00
600 467307.810568 2138398.132788 0 1.00
601 469317.933081 2140724.989444 0 1.00
602 470783.288814 2141558.005456 0 1.00
603 469956.933511 2142273.071015 0 1.00
604 469928.912791 2141840.461606 0 1.00
605 470115.335890 2142171.007943 0 1.00
606 469585.613014 2141901.893446 0 1.00
607 469804.124879 2141318.383765 0 1.00
608 469356.800686 2140730.456464 0 1.00
609 470177.184932 2142104.513951 0 1.00
610 468528.334615 2140218.441183 0 1.00
611 470015.907446 2142373.668281 0 1.00
612 469517.469822 2141346.526453 0 1.00
613 469337.820480 2141306.993824 0 1.00
614 472660.138890 2140286.993355 0 1.00
615 470876.293332 2140616.194845 0 1.00
616 465718.290007 2139898.207289 0 1.00
617 473210.234048 2143683.231905 0 1.00
618 469400.716655 2141861.262520 0 1.00
619 471704.014586 2140705.621451 0 1.00
620 469707.291398 2141189.080449 0 1.00
621 470618.253910 2138864.968129 0 1.00
622 470157.614429 2141059.976196 0 1.00
623 470660.929200 2138494.333000 0 1.00
624 470193.509500 2140265.667000 0 1.00
625 468475.206700 2140087.378000 0 1.00
626 468521.877100 2139280.054000 0 1.00
627 469013.368900 2140171.329000 0 1.00
628 469013.368900 2140171.329000 0 1.00
629 469338.099600 2141307.365000 0 1.00
630 469478.728300 2140439.155000 0 1.00
631 467067.143300 2139535.135000 0 1.00
632 469556.335200 2140801.199000 0 1.00
633 469161.245600 2141390.018000 0 1.00
634 464753.744800 2135075.429000 0 1.00
635 472531.586300 2142428.034000 0 1.00
636 464771.053900 2134568.451000 0 1.00
637 467843.646400 2140102.175000 0 1.00
638 469748.363100 2141106.254000 0 1.00
639 470969.650200 2141191.392000 0 1.00
640 468560.633600 2140615.924000 0 1.00
641 465774.667700 2136604.045000 0 1.00
642 469820.302300 2140999.790000 0 1.00
643 468891.761400 2140200.049000 0 1.00
644 472694.721600 2143969.745000 0 1.00
645 471448.025600 2141095.683000 0 1.00
646 467471.942600 2139214.320000 0 1.00
647 469925.883600 2142496.312000 0 1.00
648 472331.651400 2143570.162000 0 1.00
649 465648.470900 2137394.323000 0 1.00
650 471049.655900 2140416.594000 0 1.00
651 469395.002200 2140745.732000 0 1.00
652 472755.555700 2144363.710000 0 1.00
653 466703.298000 2139964.931000 0 1.00
654 466329.432300 2136922.268000 0 1.00
655 470419.690300 2140529.694000 0 1.00
656 469732.298500 2141385.394000 0 1.00
657 469282.798800 2141473.351000 0 1.00
658 469679.519200 2139735.895000 0 1.00
659 469679.519200 2139735.895000 0 1.00
660 472214.755700 2143977.923000 0 1.00
661 470026.966300 2141884.915000 0 1.00
662 468343.087400 2140252.911000 0 1.00
663 470337.816900 2141019.978000 0 1.00
664 469088.164500 2141787.175000 0 1.00
665 472001.210500 2141323.753000 0 1.00
666 468458.015100 2140326.611000 0 1.00
667 468659.068000 2140192.621000 0 1.00
668 468599.396900 2139618.288000 0 1.00
669 465273.347700 2135475.722000 0 1.00
670 465273.347700 2135475.722000 0 1.00
671 468799.493500 2140277.601000 0 1.00
672 472169.140700 2144349.930000 0 1.00
673 469547.573000 2140835.950000 0 1.00
674 471206.710300 2140971.714000 0 1.00
675 471206.710300 2140971.714000 0 1.00
676 471206.710300 2140971.714000 0 1.00
677 468350.327100 2139800.760000 0 1.00
678 468547.607500 2138007.485000 0 1.00
679 468951.607700 2139210.408000 0 1.00
680 469582.810800 2139367.166000 0 1.00
681 469271.630400 2141629.605000 0 1.00
682 469222.968200 2140073.148000 0 1.00
683 469205.557200 2140935.976000 0 1.00
684 468477.698400 2140379.829000 0 1.00
685 472745.548000 2144587.780000 0 1.00
686 465167.050200 2137086.560000 0 1.00
687 470946.994200 2138705.298000 0 1.00
688 470946.994200 2138705.298000 0 1.00
689 469953.312800 2142223.188000 0 1.00
690 465079.035500 2136123.409000 0 1.00
691 469873.270400 2142191.614000 0 1.00
692 473405.100500 2143489.525000 0 1.00
693 471910.226500 2142170.899000 0 1.00
694 469262.025300 2138409.296000 0 1.00
695 469668.146500 2141956.855000 0 1.00
696 468410.034000 2139940.906000 0 1.00
697 470011.125600 2142254.951000 0 1.00
698 470473.178700 2138424.097000 0 1.00
699 470445.147800 2138478.999000 0 1.00
700 471233.494100 2141014.038000 0 1.00
701 469164.966600 2140588.359000 0 1.00
702 468338.745900 2140410.815000 0 1.00
703 469732.602300 2141870.168000 0 1.00
704 467972.934700 2140289.302000 0 1.00
705 469577.189800 2140830.796000 0 1.00
706 465788.267700 2137509.471000 0 1.00
707 470109.973500 2141924.779000 0 1.00
708 465632.087300 2138160.403000 0 1.00
709 469146.640800 2140553.614000 0 1.00
710 470571.997100 2138087.212000 0 1.00
711 468949.451000 2139213.106000 0 1.00
712 466476.285400 2139907.673000 0 1.00
713 470727.629200 2139080.931000 0 1.00
714 468677.809800 2140882.835000 0 1.00
715 472724.536800 2144047.418000 0 1.00
716 468825.605700 2140497.461000 0 1.00
717 466607.945400 2139963.715000 0 1.00
718 466601.048100 2139963.075000 0 1.00
719 469425.237100 2141529.264000 0 1.00
720 466606.344500 2139965.143000 0 1.00
721 467620.286500 2140107.886000 0 1.00
722 470845.877800 2140489.412000 0 1.00
723 472369.580800 2142697.089000 0 1.00
724 465230.305600 2135492.068000 0 1.00
725 469961.782200 2141949.190000 0 1.00
726 470990.048800 2140004.480000 0 1.00
727 470626.176600 2142194.598000 0 1.00
728 468182.278000 2141156.006000 0 1.00
729 467295.351000 2139623.239000 0 1.00
730 470708.770900 2141759.963000 0 1.00
731 472181.476500 2140996.943000 0 1.00
732 472137.772900 2143823.202000 0 1.00
733 467676.161900 2139540.778000 0 1.00
734 468443.963600 2140275.387000 0 1.00
735 471461.846500 2141449.012000 0 1.00
736 468304.147800 2140868.585000 0 1.00
737 469901.078300 2142178.360000 0 1.00
738 469165.465000 2141316.054000 0 1.00
739 464620.868400 2134730.698000 0 1.00
740 473955.084800 2143638.444000 0 1.00
741 469161.245600 2141390.018000 0 1.00
742 468195.819400 2140039.440000 0 1.00
743 470413.409500 2142266.660000 0 1.00
744 472291.679700 2142339.652000 0 1.00
745 470811.359200 2142120.083000 0 1.00
746 468882.495300 2138475.743000 0 1.00
747 469369.819800 2141519.044000 0 1.00
748 468966.142600 2140241.002000 0 1.00
749 470468.770600 2138994.254000 0 1.00
750 470216.714300 2142201.603000 0 1.00
751 468846.584300 2139731.208000 0 1.00
752 471445.042700 2140519.525000 0 1.00
753 470070.386700 2141712.553000 0 1.00
754 465577.014500 2137168.869000 0 1.00
755 465577.014500 2137168.869000 0 1.00
756 470172.745900 2141046.009000 0 1.00
757 469906.460300 2141618.830000 0 1.00
758 467591.762300 2138652.152000 0 1.00
759 467908.814300 2140309.885000 0 1.00
760 469751.076600 2141420.001000 0 1.00
761 472158.830200 2144246.017000 0 1.00
762 472158.830200 2144246.017000 0 1.00
763 468587.196800 2140342.205000 0 1.00
764 472982.250800 2143633.656000 0 1.00
765 470430.998400 2138969.187000 0 1.00
766 468442.684900 2139638.774000 0 1.00
767 464665.837400 2134787.397000 0 1.00
768 464665.837400 2134787.397000 0 1.00
769 464665.837400 2134787.397000 0 1.00
770 468530.268500 2140832.603000 0 1.00
771 469958.577400 2142321.667000 0 1.00
772 468985.726100 2139447.729000 0 1.00
773 469720.344100 2141157.117000 0 1.00
774 470703.675500 2141305.793000 0 1.00
775 471073.537400 2140539.099000 0 1.00
776 466758.252300 2139862.653000 0 1.00
777 465647.285800 2137967.723000 0 1.00
778 468687.002900 2140749.460000 0 1.00
779 470803.727200 2138891.309000 0 1.00
780 471653.611100 2141947.287000 0 1.00
781 469883.477000 2139786.265000 0 1.00
782 472383.938900 2143680.916000 0 1.00
783 465246.276900 2135960.763000 0 1.00
784 469693.531200 2139854.155000 0 1.00
785 469658.221000 2140751.176000 0 1.00
786 473386.795200 2143315.060000 0 1.00
787 471612.136700 2140880.901000 0 1.00
788 465348.093700 2136460.854000 0 1.00
789 468543.582300 2140359.901000 0 1.00
790 465483.408100 2136997.538000 0 1.00
791 470109.861800 2140997.708000 0 1.00
792 464797.230200 2135530.605000 0 1.00
793 471428.903100 2141430.739000 0 1.00
794 469457.939900 2141862.307000 0 1.00
795 468406.530500 2140181.690000 0 1.00
796 468585.973000 2140273.237000 0 1.00
797 468825.605700 2140497.461000 0 1.00
798 468825.605700 2140497.461000 0 1.00
799 467297.489200 2138399.170000 0 1.00
800 470097.036100 2141873.063000 0 1.00
801 468642.692400 2139661.605000 0 1.00
802 469429.631300 2141150.331000 0 1.00
803 468458.263600 2139286.882000 0 1.00
804 468221.070600 2140029.568000 0 1.00
805 469088.857900 2141347.893000 0 1.00
806 469874.339100 2141254.199000 0 1.00
807 465856.611000 2137617.366000 0 1.00
808 469748.363100 2141106.254000 0 1.00
809 469494.943100 2142210.885000 0 1.00
810 470221.153700 2142333.228000 0 1.00
811 469083.228900 2140638.945000 0 1.00
812 470704.066200 2141341.350000 0 1.00
813 470457.824600 2138562.383000 0 1.00
814 472089.862400 2139035.123000 0 1.00
815 469683.257400 2141242.378000 0 1.00
816 469683.257400 2141242.378000 0 1.00
817 468968.501000 2141676.361000 0 1.00
818 465736.901200 2138123.215000 0 1.00
819 469453.010400 2141862.235000 0 1.00
820 469835.195800 2141104.411000 0 1.00
821 470088.006800 2139696.929000 0 1.00
822 470416.746900 2142179.827000 0 1.00
823 469793.010500 2140427.809000 0 1.00
824 469961.366600 2141285.331000 0 1.00
825 468487.450800 2140111.211000 0 1.00
826 470068.485900 2141933.714000 0 1.00
827 470017.454400 2140971.834000 0 1.00
828 469367.322700 2140005.565000 0 1.00
829 468931.559300 2140651.503000 0 1.00
830 468402.606300 2137978.199000 0 1.00
831 469739.651700 2138755.686000 0 1.00
832 471663.457300 2138997.630000 0 1.00
833 470425.064300 2141165.766000 0 1.00
834 470425.064300 2141165.766000 0 1.00
835 470425.064300 2141165.766000 0 1.00
836 470425.064300 2141165.766000 0 1.00
837 468976.490300 2140887.762000 0 1.00
838 472750.858700 2144179.855000 0 1.00
839 470372.777300 2139406.743000 0 1.00
840 472697.068100 2144309.342000 0 1.00
841 469882.652700 2139787.990000 0 1.00
842 474025.542800 2143625.220000 0 1.00
843 471057.614700 2140227.821000 0 1.00
844 471172.745300 2142434.121000 0 1.00
845 468303.904900 2140328.143000 0 1.00
846 471638.575400 2140786.389000 0 1.00
847 469955.106400 2142261.044000 0 1.00
848 468431.213600 2139986.568000 0 1.00
849 466628.048200 2139565.237000 0 1.00
850 471238.333300 2141001.749000 0 1.00
851 464886.647100 2135450.727000 0 1.00
852 465225.469300 2136124.639000 0 1.00
853 465225.469300 2136124.639000 0 1.00
854 465225.469300 2136124.639000 0 1.00
855 465825.720600 2136555.432000 0 1.00
856 471660.504300 2139999.544000 0 1.00
857 465509.924300 2136733.036000 0 1.00
858 469602.679500 2141645.790000 0 1.00
859 464934.380600 2135805.147000 0 1.00
860 468142.335800 2140532.611000 0 1.00
861 464959.095200 2135125.110000 0 1.00
862 473857.692000 2144311.057000 0 1.00
863 470027.490600 2141883.197000 0 1.00
864 466462.132000 2136969.878000 0 1.00
865 470711.337100 2140838.416000 0 1.00
866 468519.872800 2140753.289000 0 1.00
867 468519.872800 2140753.289000 0 1.00
868 470627.076400 2142209.369000 0 1.00
869 468535.064800 2140901.998000 0 1.00
870 470002.797600 2142484.764000 0 1.00
871 470002.797600 2142484.764000 0 1.00
872 468267.492500 2140600.376000 0 1.00
873 468894.276200 2140198.054000 0 1.00
874 470528.521500 2141162.533000 0 1.00
875 469847.519900 2138981.666000 0 1.00
876 470998.909700 2140044.099000 0 1.00
877 472723.392600 2143846.677000 0 1.00
878 469436.311600 2142167.164000 0 1.00
879 473066.053400 2143540.384000 0 1.00
880 473066.053400 2143540.384000 0 1.00
881 471046.450200 2139425.012000 0 1.00
882 471046.450200 2139425.012000 0 1.00
883 469271.176400 2141429.233000 0 1.00
884 469271.176400 2141429.233000 0 1.00
885 469270.683100 2141637.134000 0 1.00
886 469274.554500 2140180.150000 0 1.00
887 466849.159000 2139926.800000 0 1.00
888 472723.115700 2144412.617000 0 1.00
889 469090.240300 2140407.644000 0 1.00
890 469645.216100 2141942.260000 0 1.00
891 467381.590600 2138441.075000 0 1.00
892 469651.545500 2142316.409000 0 1.00
893 467600.787300 2138447.647000 0 1.00
894 469203.387000 2140918.748000 0 1.00
895 470194.234000 2141011.339000 0 1.00
896 467610.163200 2139624.337000 0 1.00
897 470859.319400 2140887.620000 0 1.00
898 470014.047200 2142469.306000 0 1.00
899 472494.544200 2139535.484000 0 1.00
900 470581.079300 2138853.155000 0 1.00
901 470428.973600 2141588.178000 0 1.00
902 470216.669500 2141647.924000 0 1.00
903 470564.489300 2138713.161000 0 1.00
904 469690.665200 2142347.847000 0 1.00
905 471204.733000 2140382.371000 0 1.00
906 464816.177000 2135922.448000 0 1.00
907 469146.853000 2139408.296000 0 1.00
908 470104.878600 2142266.567000 0 1.00
909 468686.501900 2140397.275000 0 1.00
910 471005.204700 2138720.769000 0 1.00
911 471185.010500 2140983.143000 0 1.00
912 471185.010500 2140983.143000 0 1.00
913 466458.321400 2140095.211000 0 1.00
914 466458.321400 2140095.211000 0 1.00
915 473288.873100 2143043.785000 0 1.00
916 468137.530200 2140055.204000 0 1.00
917 473928.929100 2143920.522000 0 1.00
918 473928.929100 2143920.522000 0 1.00
919 464553.310500 2135114.608000 0 1.00
920 469290.535000 2140689.718000 0 1.00
921 472744.623100 2144106.880000 0 1.00
922 472744.623100 2144106.880000 0 1.00
923 467573.854300 2139799.419000 0 1.00
924 467573.854300 2139799.419000 0 1.00
925 471106.319500 2141156.723000 0 1.00
926 466400.208000 2137308.035000 0 1.00
927 469827.184900 2139800.632000 0 1.00
928 469146.352800 2140578.218000 0 1.00
929 471098.451300 2138793.736000 0 1.00
930 470015.968400 2142325.428000 0 1.00
931 472777.077500 2143588.337000 0 1.00
932 469890.406600 2141005.125000 0 1.00
933 467776.590200 2139402.834000 0 1.00
934 471201.355500 2140988.158000 0 1.00
935 469788.158000 2141331.754000 0 1.00
936 465120.696000 2135345.676000 0 1.00
937 467065.213800 2139686.223000 0 1.00
938 473150.852500 2143734.921000 0 1.00
939 471356.675800 2143421.025000 0 1.00
940 468002.340400 2140737.147000 0 1.00
941 467757.703700 2139528.303000 0 1.00
942 469105.377100 2140515.415000 0 1.00
943 468590.517900 2140342.716000 0 1.00
944 469538.562700 2140800.167000 0 1.00
945 470867.115100 2140889.568000 0 1.00
946 470411.518700 2138404.888000 0 1.00
947 473146.788600 2142955.764000 0 1.00
948 473146.788600 2142955.764000 0 1.00
949 469023.499700 2141383.174000 0 1.00
950 469023.499700 2141383.174000 0 1.00
951 466698.939400 2139965.238000 0 1.00
952 469588.349500 2141793.397000 0 1.00
953 470086.382900 2142409.413000 0 1.00
954 470416.747900 2141095.664000 0 1.00
955 468400.492800 2139970.177000 0 1.00
956 472705.080600 2144405.534000 0 1.00
957 468860.608500 2141201.029000 0 1.00
958 465787.071300 2136604.420000 0 1.00
959 471189.608200 2140981.735000 0 1.00
960 470110.666200 2140992.478000 0 1.00
961 468782.429500 2140129.270000 0 1.00
962 470763.976200 2140164.810000 0 1.00
963 467573.642300 2138392.012000 0 1.00
964 466361.286200 2139113.042000 0 1.00
965 468540.918900 2140239.092000 0 1.00
966 471035.085600 2142294.055000 0 1.00
967 467157.508600 2138771.097000 0 1.00
968 470017.489100 2142223.191000 0 1.00
969 466598.422300 2139993.424000 0 1.00
970 470074.386000 2142393.372000 0 1.00
971 472109.675300 2140968.575000 0 1.00
972 468545.468800 2140236.788000 0 1.00
973 469485.709500 2141727.771000 0 1.00
974 470655.984400 2138823.597000 0 1.00
975 468708.050900 2140423.559000 0 1.00
976 470725.803500 2140832.990000 0 1.00
977 468732.252400 2140436.740000 0 1.00
978 469758.731200 2141773.792000 0 1.00
979 472220.784200 2144082.899000 0 1.00
980 468316.443700 2140020.089000 0 1.00
981 465810.381200 2136639.045000 0 1.00
982 469760.781600 2141792.970000 0 1.00
983 469761.523300 2141744.659000 0 1.00
984 465525.176000 2136752.473000 0 1.00
985 470115.994700 2140807.345000 0 1.00
986 471829.122300 2141276.418000 0 1.00
987 470649.262400 2142187.140000 0 1.00
988 470071.215000 2140983.545000 0 1.00
989 468987.048500 2140162.383000 0 1.00
990 471548.647100 2141148.894000 0 1.00
991 465356.282000 2137489.067000 0 1.00
992 472075.791900 2141037.873000 0 1.00
993 472165.397600 2144219.138000 0 1.00
994 467104.297900 2139422.792000 0 1.00
995 473519.123300 2143716.181000 0 1.00
996 465341.266800 2137925.709000 0 1.00
997 468752.675300 2140109.582000 0 1.00
998 471194.004000 2140970.248000 0 1.00
999 470112.784600 2142267.566000 0 1.00
1000 469858.044500 2138817.902000 0 1.00
1001 473258.684900 2143550.403000 0 1.00
1002 470663.122900 2138810.195000 0 1.00
1003 464825.824500 2136151.539000 0 1.00
1004 470325.484900 2141040.250000 0 1.00
1005 470387.544400 2140116.137000 0 1.00
1006 472290.268800 2143416.674000 0 1.00
1007 472101.417800 2142314.820000 0 1.00
1008 473173.703600 2143233.259000 0 1.00
1009 469905.219500 2141953.376000 0 1.00
1010 469494.450800 2140486.844000 0 1.00
1011 470666.793400 2142257.879000 0 1.00
1012 470713.101300 2141398.586000 0 1.00
1013 468598.937800 2141508.224000 0 1.00
1014 468598.937800 2141508.224000 0 1.00
1015 469393.657500 2140007.281000 0 1.00
1016 466963.393600 2139592.737000 0 1.00
1017 471586.305200 2140642.498000 0 1.00
1018 472093.700400 2140960.283000 0 1.00
1019 469684.169300 2142328.503000 0 1.00
1020 471209.480900 2140398.139000 0 1.00
1021 474012.510300 2144070.863000 0 1.00
1022 474012.510300 2144070.863000 0 1.00
1023 470076.830500 2142409.818000 0 1.00
1024 469756.365700 2140861.745000 0 1.00
1025 465939.664100 2137794.221000 0 1.00
1026 471188.373800 2140972.898000 0 1.00
1027 470219.724500 2142192.321000 0 1.00
1028 469798.702600 2140911.876000 0 1.00
1029 473411.010600 2143455.171000 0 1.00
1030 468889.916500 2140386.144000 0 1.00
1031 468481.082600 2139969.848000 0 1.00
1032 470181.896500 2141226.941000 0 1.00
1033 465165.202300 2135460.410000 0 1.00
1034 465193.665200 2136910.366000 0 1.00
1035 468547.099100 2140554.624000 0 1.00
1036 468432.576100 2138844.724000 0 1.00
1037 465610.002100 2137208.716000 0 1.00
1038 466000.307800 2137655.497000 0 1.00
1039 468263.733500 2139249.339000 0 1.00
1040 471004.109100 2140241.711000 0 1.00
1041 470166.341700 2141017.871000 0 1.00
1042 468517.460100 2140194.133000 0 1.00
1043 467378.085500 2138528.260000 0 1.00
1044 469512.933500 2141351.178000 0 1.00
1045 467843.054000 2139391.271000 0 1.00
1046 469959.777900 2141050.651000 0 1.00
1047 468257.004800 2140503.647000 0 1.00
1048 469492.463800 2141626.391000 0 1.00
1049 468550.535400 2140247.830000 0 1.00
1050 464942.687600 2136262.030000 0 1.00
1051 471731.323300 2141240.767000 0 1.00
1052 470494.085200 2138778.675000 0 1.00
1053 470494.085200 2138778.675000 0 1.00
1054 473938.237600 2144086.973000 0 1.00
1055 470014.612200 2142314.352000 0 1.00
1056 470992.134200 2140152.366000 0 1.00
1057 473491.816000 2143709.187000 0 1.00
1058 469105.241100 2140449.681000 0 1.00
1059 469105.241100 2140449.681000 0 1.00
1060 470495.151300 2141154.057000 0 1.00
1061 470720.260100 2141505.769000 0 1.00
1062 468367.150300 2140235.697000 0 1.00
1063 468547.684300 2140241.974000 0 1.00
1064 469208.825100 2141647.240000 0 1.00
1065 470427.075700 2138677.332000 0 1.00
1066 464784.216200 2134986.396000 0 1.00
1067 464562.350400 2134571.553000 0 1.00
1068 473926.830100 2144027.872000 0 1.00
1069 464928.144100 2135733.134000 0 1.00
1070 470060.592300 2138954.209000 0 1.00
1071 469648.492800 2140870.040000 0 1.00
1072 469681.527300 2142264.561000 0 1.00
1073 469681.527300 2142264.561000 0 1.00
1074 469881.835400 2141950.704000 0 1.00
1075 468861.899800 2139435.384000 0 1.00
1076 469904.668400 2141593.371000 0 1.00
1077 468745.344700 2140514.799000 0 1.00
1078 470079.871700 2141789.124000 0 1.00
1079 470469.966300 2138421.260000 0 1.00
1080 469733.700100 2141290.054000 0 1.00
1081 469293.281200 2141438.847000 0 1.00
1082 469162.785400 2140300.972000 0 1.00
1083 471359.425800 2140479.722000 0 1.00
1084 472731.673200 2144110.418000 0 1.00
1085 465171.414900 2135467.401000 0 1.00
1086 468221.520500 2139341.845000 0 1.00
1087 473419.701100 2143138.785000 0 1.00
1088 471208.582100 2139120.376000 0 1.00
1089 468885.450800 2141369.409000 0 1.00
1090 470368.547800 2141076.393000 0 1.00
1091 472189.785000 2143520.216000 0 1.00
1092 470291.582900 2141582.093000 0 1.00
1093 466204.165000 2136553.027000 0 1.00
1094 468223.013200 2140248.890000 0 1.00
1095 470571.211400 2141099.211000 0 1.00
1096 470571.211400 2141099.211000 0 1.00
1097 469650.769300 2142090.973000 0 1.00
1098 470119.396100 2141949.374000 0 1.00
1099 471176.457900 2140978.677000 0 1.00
1100 468224.049000 2141121.930000 0 1.00
1101 469731.011300 2141317.582000 0 1.00
1102 468468.912100 2140375.656000 0 1.00
1103 468549.069500 2140648.048000 0 1.00
1104 469774.737600 2142420.268000 0 1.00
1105 471186.129200 2140978.661000 0 1.00
1106 468122.491400 2139902.669000 0 1.00
1107 472169.315600 2144328.073000 0 1.00
1108 472828.854100 2143964.673000 0 1.00
1109 464883.931400 2136087.232000 0 1.00
1110 468429.858900 2140251.976000 0 1.00
1111 472173.707700 2144085.911000 0 1.00
1112 473484.170500 2144081.622000 0 1.00
1113 469489.197000 2141931.278000 0 1.00
1114 470944.699700 2140905.255000 0 1.00
1115 472134.680700 2143798.090000 0 1.00
1116 468680.199300 2140064.262000 0 1.00
1117 469911.329700 2141051.851000 0 1.00
1118 468301.548400 2139694.328000 0 1.00
1119 467156.779700 2139120.828000 0 1.00
1120 469752.612600 2141961.260000 0 1.00
1121 473986.467800 2143627.072000 0 1.00
1122 469152.619900 2141779.434000 0 1.00
1123 469606.999400 2141294.361000 0 1.00
1124 468287.840200 2137915.625000 0 1.00
1125 466991.548600 2139609.908000 0 1.00
1126 468332.739700 2140398.868000 0 1.00
1127 474052.902400 2144284.016000 0 1.00
1128 469008.297700 2139601.335000 0 1.00
1129 465842.921400 2136112.593000 0 1.00
1130 471739.522100 2140717.382000 0 1.00
1131 465449.984900 2136673.261000 0 1.00
1132 467554.288600 2139675.401000 0 1.00
1133 469795.783300 2142161.172000 0 1.00
1134 465804.556600 2135913.785000 0 1.00
1135 468165.021600 2140201.150000 0 1.00
1136 470046.646500 2141116.590000 0 1.00
1137 469042.931300 2139866.414000 0 1.00
1138 468233.591400 2139615.515000 0 1.00
1139 464967.859100 2135542.742000 0 1.00
1140 468992.861900 2140267.660000 0 1.00
1141 469635.619000 2141410.312000 0 1.00
1142 464963.071700 2135684.536000 0 1.00
1143 471969.169200 2141004.912000 0 1.00
1144 471969.169200 2141004.912000 0 1.00
1145 469162.390500 2141735.496000 0 1.00
1146 470174.774800 2142363.747000 0 1.00
1147 468278.201200 2138957.439000 0 1.00
1148 465436.852500 2136750.895000 0 1.00
1149 473861.740500 2144331.931000 0 1.00
1150 468508.297900 2140142.825000 0 1.00
1151 464634.479900 2134688.077000 0 1.00
1152 468661.296000 2140196.544000 0 1.00
1153 467590.523100 2138405.219000 0 1.00
1154 472367.319100 2143690.436000 0 1.00
1155 473650.817300 2143620.097000 0 1.00
1156 469436.905800 2142171.390000 0 1.00
1157 469155.870900 2141268.347000 0 1.00
1158 465879.755900 2138423.824000 0 1.00
1159 469194.457900 2141618.924000 0 1.00
1160 469797.820400 2142482.657000 0 1.00
1161 469068.520500 2140363.456000 0 1.00
1162 469685.181700 2141241.326000 0 1.00
1163 470066.426900 2142164.844000 0 1.00
1164 470803.370500 2140866.900000 0 1.00
1165 468248.234900 2140533.422000 0 1.00
1166 468841.123400 2140023.461000 0 1.00
1167 469861.653900 2139790.428000 0 1.00
1168 467612.001100 2140272.542000 0 1.00
1169 469923.892000 2142427.570000 0 1.00
1170 467495.936800 2139339.187000 0 1.00
1171 465549.193900 2136788.585000 0 1.00
1172 469548.940500 2140521.311000 0 1.00
1173 472170.762900 2144002.207000 0 1.00
1174 469393.865300 2139640.164000 0 1.00
1175 465312.749300 2135234.110000 0 1.00
1176 469549.112900 2141855.101000 0 1.00
1177 469037.513400 2140130.934000 0 1.00
1178 469496.925700 2142158.313000 0 1.00
1179 468546.685300 2140924.923000 0 1.00
1180 466324.637000 2136919.439000 0 1.00
1181 464998.280600 2136123.413000 0 1.00
1182 464900.904700 2136024.796000 0 1.00
1183 470040.123100 2140976.298000 0 1.00
1184 470178.746900 2142195.486000 0 1.00
1185 465131.193700 2136928.951000 0 1.00
1186 470303.757400 2139324.018000 0 1.00
1187 469890.435600 2140617.426000 0 1.00
1188 468443.643400 2140275.502000 0 1.00
1189 468283.084400 2140664.121000 0 1.00
1190 470223.231600 2142427.435000 0 1.00
1191 470223.231600 2142427.435000 0 1.00
1192 466478.696700 2139903.608000 0 1.00
1193 469245.093800 2140655.699000 0 1.00
1194 470628.891200 2138459.866000 0 1.00
1195 469806.417200 2140709.065000 0 1.00
1196 469121.040000 2139635.207000 0 1.00
1197 468339.289100 2139782.750000 0 1.00
1198 468709.718300 2139865.673000 0 1.00
1199 472132.961800 2141011.119000 0 1.00
1200 468034.870200 2139896.741000 0 1.00
1201 471483.370300 2140448.669000 0 1.00
1202 473351.477600 2143096.142000 0 1.00
1203 469755.905200 2140951.569000 0 1.00
1204 465871.358605 2137691.489659 0 1.00
1205 469153.754238 2138275.674381 0 1.00
1206 466607.443080 2139940.672439 0 1.00
1207 468488.683819 2140332.781400 0 1.00
1208 470676.116021 2138460.244118 0 1.00
1209 470303.380206 2139085.103058 0 1.00
1210 465733.168316 2136897.325795 0 1.00
1211 467838.179007 2140051.264197 0 1.00
1212 469618.384096 2140449.410467 0 1.00
1213 464854.069115 2134714.726445 0 1.00
1214 470092.749978 2140494.702978 0 1.00
1215 471285.446902 2139256.223428 0 1.00
1216 464918.615401 2135607.212930 0 1.00
1217 464786.102017 2135621.129179 0 1.00
1218 466460.303550 2136851.136149 0 1.00
1219 465179.966745 2136048.173408 0 1.00
1220 470914.474290 2138479.438971 0 1.00
1221 467584.593993 2140032.697000 0 1.00
1222 471196.743528 2138999.696786 0 1.00
1223 465792.656511 2136805.817953 0 1.00
1224 469113.466076 2138126.069106 0 1.00
1225 465695.702694 2138277.062716 0 1.00
1226 467537.038014 2140334.729678 0 1.00
1227 468319.430074 2139413.327621 0 1.00
1228 468372.036696 2140173.480547 0 1.00
1229 470622.042708 2141899.049182 0 1.00
1230 468821.262451 2140456.520423 0 1.00
1231 469212.898417 2139295.537869 0 1.00
1232 469269.799778 2141657.889031 0 1.00
1233 468607.192809 2140341.463654 0 1.00
1234 465309.994691 2136453.704701 0 1.00
1235 464848.136561 2134964.627231 0 1.00
1236 470176.555609 2139228.864107 0 1.00
1237 467391.170233 2139116.958705 0 1.00
1238 471025.903376 2139064.941774 0 1.00
1239 468657.589757 2140273.713180 0 1.00
1240 469469.960427 2141550.729886 0 1.00
1241 471072.783074 2139439.273430 0 1.00
1242 467709.943460 2139932.259954 0 1.00
1243 469762.429329 2140543.549648 0 1.00
1244 472862.864868 2143815.102321 0 1.00
1245 469996.933962 2139278.151758 0 1.00
1246 470930.815268 2139327.476738 0 1.00
1247 470277.479996 2141585.437018 0 1.00
1248 469010.791557 2138164.894691 0 1.00
1249 467384.427964 2139760.148025 0 1.00
1250 465953.750457 2137838.485589 0 1.00
1251 469784.984771 2140540.698580 0 1.00
1252 470733.252827 2139238.437386 0 1.00
1253 471548.532251 2139151.842360 0 1.00
1254 469929.113213 2141865.374458 0 1.00
1255 469398.406464 2140622.368995 0 1.00
1256 469621.955161 2141567.389531 0 1.00
1257 469851.496500 2140863.455738 0 1.00
1258 471930.535641 2140963.783959 0 1.00
1259 467886.181921 2140394.030340 0 1.00
1260 472647.597704 2143733.361506 0 1.00
1261 468802.248233 2139954.556667 0 1.00
1262 465813.137816 2136456.815439 0 1.00
1263 465729.515685 2136824.501661 0 1.00
1264 467374.890048 2139985.067201 0 1.00
1265 469531.649537 2141381.412791 0 1.00
1266 472477.141593 2143766.325842 0 1.00
1267 466530.065337 2139787.851841 0 1.00
1268 470570.248111 2142210.295829 0 1.00
1269 473534.767026 2143302.839100 0 1.00
1270 465078.882895 2135533.877592 0 1.00
1271 471286.939879 2138150.950381 0 1.00
1272 468397.371336 2140501.453835 0 1.00
1273 469833.184250 2141037.308636 0 1.00
1274 469272.090645 2140393.045953 0 1.00
1275 467820.157797 2140308.346266 0 1.00
1276 467282.149641 2138476.676399 0 1.00
1277 469924.377990 2141589.822264 0 1.00
1278 467916.581367 2140451.095708 0 1.00
1279 469951.627454 2142313.838388 0 1.00
1280 471000.073676 2138812.611380 0 1.00
1281 465516.200364 2137722.307124 0 1.00
1282 467632.373424 2140069.905550 0 1.00
1283 466612.119241 2139836.527953 0 1.00
1284 473424.588151 2144219.589418 0 1.00
1285 469983.863561 2140634.927865 0 1.00
1286 469295.363202 2142021.574825 0 1.00
1287 469102.359903 2141164.319662 0 1.00
1288 469747.538870 2139842.396516 0 1.00
1289 468757.690127 2140744.217670 0 1.00
1290 468774.658226 2140485.376957 0 1.00
1291 469388.291161 2141430.228018 0 1.00
1292 469243.155507 2137814.466886 0 1.00
1293 466375.056832 2139771.078647 0 1.00
1294 468066.468458 2140185.503962 0 1.00
1295 470945.960219 2140315.535714 0 1.00
1296 469241.524305 2139288.244058 0 1.00
1297 468715.021388 2140530.906555 0 1.00
1298 472116.430185 2140986.217883 0 1.00
1299 471452.733046 2139181.155466 0 1.00
1300 473130.073210 2143311.641086 0 1.00
1301 470440.784941 2139071.845650 0 1.00
1302 471964.317680 2143793.342383 0 1.00
1303 467561.161328 2139898.981519 0 1.00
1304 470825.013583 2138551.708451 0 1.00
1305 469363.698704 2139964.299461 0 1.00
1306 465173.878864 2135871.721340 0 1.00
1307 469868.945503 2141026.738505 0 1.00
1308 470124.497216 2140783.985633 0 1.00
1309 468676.238715 2140051.274082 0 1.00
1310 468984.771467 2141101.242639 0 1.00
1311 466008.368636 2138508.915711 0 1.00
1312 465318.875689 2137205.846498 0 1.00
1313 471856.187806 2139216.356631 0 1.00
1314 469590.377473 2142024.913379 0 1.00
1315 469309.475179 2141694.342694 0 1.00
1316 472882.553818 2144088.306738 0 1.00
1317 469129.851909 2141721.842502 0 1.00
1318 468363.971700 2140259.486000 0 1.00
1319 464996.720504 2135278.849576 0 1.00
1320 471291.618300 2140352.944000 0 1.00
1321 468424.618900 2140393.118000 0 1.00
1322 467874.544400 2139980.332000 0 1.00
1323 469067.517100 2139609.194000 0 1.00
1324 469176.548200 2140609.808000 0 1.00
1325 471689.530300 2138704.899000 0 1.00
1326 465799.522400 2135908.697000 0 1.00
1327 468648.135842 2139857.438582 0 1.00
1328 469193.279220 2139582.990756 0 1.00
1329 466407.665600 2140033.670000 0 1.00
1330 465797.013200 2137533.323000 0 1.00
1331 468371.862500 2139894.852000 0 1.00
1332 468802.085700 2139693.741000 0 1.00
1333 471567.540400 2141161.782000 0 1.00
1334 468846.895700 2140022.252000 0 1.00
1335 470178.069300 2141240.817000 0 1.00
1336 468941.221847 2139920.851548 0 1.00
1337 472624.689854 2143942.639277 0 1.00
1338 470057.859600 2141882.859000 0 1.00
1339 467820.094500 2139126.343000 0 1.00
1340 465710.120248 2137479.455826 0 1.00
1341 470059.167100 2139371.689000 0 1.00
1342 470059.167100 2139371.689000 0 1.00
1343 470079.974704 2139632.276475 0 1.00
1344 465414.100700 2136965.866000 0 1.00
1345 470222.120800 2142422.514000 0 1.00
1346 469835.238200 2141679.913000 0 1.00
1347 469901.561000 2142195.917000 0 1.00
1348 469204.260656 2141738.257393 0 1.00
1349 469081.242900 2140445.321000 0 1.00
1350 471616.333362 2140646.728319 0 1.00
1351 468791.067500 2140729.585000 0 1.00
1352 469002.033182 2140418.848099 0 1.00
1353 471189.471900 2140972.635000 0 1.00
1354 471101.968100 2140133.915000 0 1.00
1355 471190.727100 2140976.693000 0 1.00
1356 471189.045300 2140981.736000 0 1.00
1357 473854.991865 2144043.466542 0 1.00
1358 471183.114000 2140977.957000 0 1.00
1359 466724.367900 2137268.005000 0 1.00
1360 468992.816200 2139594.470000 0 1.00
1361 466419.397240 2136928.070951 0 1.00
1362 468558.294900 2139997.454000 0 1.00
1363 468322.123900 2140829.223000 0 1.00
1364 469683.961000 2142203.904000 0 1.00
1365 465447.242200 2137216.755000 0 1.00
1366 465176.337500 2135684.183000 0 1.00
1367 468409.564200 2139901.471000 0 1.00
1368 471213.620500 2140432.966000 0 1.00
1369 465587.153400 2137395.921000 0 1.00
1370 470056.200700 2138665.417000 0 1.00
1371 469624.342428 2141861.094754 0 1.00
1372 466093.784800 2140214.039000 0 1.00
1373 472716.164300 2142944.071000 0 1.00
1374 470251.517300 2139048.268000 0 1.00
1375 470218.764500 2141281.837000 0 1.00
1376 468167.108200 2140195.640000 0 1.00
1377 469787.061970 2140134.541684 0 1.00
1378 473580.868000 2143921.287000 0 1.00
1379 467527.284600 2138305.643000 0 1.00
1380 467527.284600 2138305.643000 0 1.00
1381 467527.284600 2138305.643000 0 1.00
1382 470664.758900 2141115.860000 0 1.00
1383 464843.632300 2134770.640000 0 1.00
1384 468937.812000 2140884.553000 0 1.00
1385 466460.497400 2137076.919000 0 1.00
1386 467211.471473 2138749.831977 0 1.00
1387 471147.333900 2140968.362000 0 1.00
1388 472678.341300 2143996.269000 0 1.00
1389 467982.538139 2138507.878558 0 1.00
1390 465638.345393 2137321.866984 0 1.00
1391 468790.318041 2139916.961109 0 1.00
1392 467723.009500 2139617.694000 0 1.00
1393 469731.017600 2140835.863000 0 1.00
1394 471185.662000 2140980.062000 0 1.00
1395 466472.020300 2140064.084000 0 1.00
1396 465496.941700 2137068.009000 0 1.00
1397 470630.056600 2138672.678000 0 1.00
1398 468988.461500 2140422.038000 0 1.00
1399 472682.005700 2143953.651000 0 1.00
1400 473335.096800 2143289.246000 0 1.00
1401 470010.706900 2142181.045000 0 1.00
1402 473475.522200 2143175.903000 0 1.00
1403 466792.395600 2139772.710000 0 1.00
1404 469791.729900 2142240.049000 0 1.00
1405 470210.372800 2142300.878000 0 1.00
1406 468175.442100 2138514.235000 0 1.00
1407 468175.442100 2138514.235000 0 1.00
1408 468175.442100 2138514.235000 0 1.00
1409 468175.442100 2138514.235000 0 1.00
1410 470385.458800 2141053.573000 0 1.00
1411 469215.522900 2140101.639000 0 1.00
1412 470021.932900 2139698.174000 0 1.00
1413 470021.932900 2139698.174000 0 1.00
1414 468622.017900 2140329.883000 0 1.00
1415 470373.775300 2138899.088000 0 1.00
1416 471094.629000 2140957.156000 0 1.00
1417 468725.618800 2141041.249000 0 1.00
1418 466458.984600 2140098.318000 0 1.00
1419 465260.538200 2136457.318000 0 1.00
1420 470332.235800 2139701.659000 0 1.00
1421 468392.095600 2139539.779000 0 1.00
1422 469836.773200 2141346.794000 0 1.00
1423 467346.071600 2138428.817000 0 1.00
1424 471395.387500 2141134.406000 0 1.00
1425 473014.925965 2143191.039620 0 1.00
1426 465753.459700 2139924.447000 0 1.00
1427 471180.495600 2140978.483000 0 1.00
1428 465651.762100 2137228.185000 0 1.00
1429 473338.098000 2143765.497000 0 1.00
1430 473338.098000 2143765.497000 0 1.00
1431 464202.953867 2135108.342320 0 1.00
1432 469210.349500 2141773.193000 0 1.00
1433 472076.019400 2142308.082000 0 1.00
1434 468477.706300 2140391.046000 0 1.00
1435 468227.918900 2139335.811000 0 1.00
1436 470781.152093 2138497.003848 0 1.00
1437 470059.402200 2142104.248000 0 1.00
1438 467422.417911 2138325.833414 0 1.00
1439 467495.060300 2140086.436000 0 1.00
1440 469980.350200 2142219.594000 0 1.00
1441 468499.152447 2140426.046754 0 1.00
1442 466760.486200 2139782.688000 0 1.00
1443 470612.644600 2138851.671000 0 1.00
1444 471323.762100 2140366.892000 0 1.00
1445 469263.071600 2141314.856000 0 1.00
1446 469992.637000 2139841.045000 0 1.00
1447 471420.745300 2141406.278000 0 1.00
1448 469091.249858 2139951.550776 0 1.00
1449 469832.586200 2141214.228000 0 1.00
1450 470226.103800 2142318.156000 0 1.00
1451 468590.975800 2140339.047000 0 1.00
1452 469882.770700 2141022.326000 0 1.00
1453 471687.339400 2141214.758000 0 1.00
1454 469855.043638 2142468.667132 0 1.00
1455 469753.137200 2140952.432000 0 1.00
1456 469787.980000 2138979.740000 0 1.00
1457 471185.988100 2140978.382000 0 1.00
1458 466758.755913 2139812.769618 0 1.00
1459 469558.366600 2140165.055000 0 1.00
1460 471006.154400 2140111.778000 0 1.00
1461 468538.568457 2141160.278167 0 1.00
1462 470713.997500 2140615.243000 0 1.00
1463 470698.933300 2139654.249000 0 1.00
1464 472161.600605 2144203.978494 0 1.00
1465 473744.490300 2143362.570000 0 1.00
1466 469755.621900 2141429.355000 0 1.00
1467 467261.533477 2138602.942346 0 1.00
1468 465863.884300 2137401.061000 0 1.00
1469 470150.896700 2139904.770000 0 1.00
1470 470150.896700 2139904.770000 0 1.00
1471 470150.896700 2139904.770000 0 1.00
1472 470455.660899 2138675.737555 0 1.00
1473 467964.193600 2140257.816000 0 1.00
1474 473482.651446 2143497.570531 0 1.00
1475 470847.757300 2140880.246000 0 1.00
1476 470736.326824 2139046.568302 0 1.00
1477 471025.871911 2140568.172167 0 1.00
1478 465108.059900 2136354.125000 0 1.00
1479 471209.325900 2140803.656000 0 1.00
1480 470069.431400 2142064.948000 0 1.00
1481 468043.540803 2140039.229823 0 1.00
1482 470443.429000 2138480.029000 0 1.00
1483 469760.903200 2141358.689000 0 1.00
1484 473956.196900 2143786.440000 0 1.00
1485 473495.157900 2143827.363000 0 1.00
1486 469083.595800 2140393.714000 0 1.00
1487 466023.243932 2136764.120320 0 1.00
1488 468550.997000 2140995.539000 0 1.00
1489 469953.325300 2141066.385000 0 1.00
1490 470039.527703 2138860.194254 0 1.00
1491 468508.370600 2139176.243000 0 1.00
1492 468888.257858 2141423.978698 0 1.00
1493 470814.510100 2140878.611000 0 1.00
1494 465712.367328 2137509.674412 0 1.00
1495 467768.074983 2138486.751831 0 1.00
1496 465130.110100 2136348.935000 0 1.00
1497 470258.884500 2141023.279000 0 1.00
1498 468340.204914 2140787.085593 0 1.00
1499 469243.264400 2141170.752000 0 1.00
1500 469243.264400 2141170.752000 0 1.00
1501 470071.711800 2141728.539000 0 1.00
1502 469564.279900 2141459.815000 0 1.00
1503 469330.265000 2141724.253000 0 1.00
1504 468359.379200 2140458.485000 0 1.00
1505 470202.957600 2140572.804000 0 1.00
1506 468977.715400 2139948.759000 0 1.00
1507 466658.223100 2140164.671000 0 1.00
1508 468671.391217 2141515.652584 0 1.00
1509 467882.973902 2140820.412172 0 1.00
1510 468465.783400 2140807.889000 0 1.00
1511 468762.431600 2139940.148000 0 1.00
1512 464671.476800 2135262.793000 0 1.00
1513 469578.878900 2140624.269000 0 1.00
1514 467209.467683 2138912.329983 0 1.00
1515 464945.515500 2136181.912000 0 1.00
1516 469348.706600 2141302.540000 0 1.00
1517 472979.786000 2144650.332000 0 1.00
1518 472979.786000 2144650.332000 0 1.00
1519 470806.686900 2140856.344000 0 1.00
1520 468779.596500 2140277.463000 0 1.00
1521 469721.796500 2140908.803000 0 1.00
1522 468549.999800 2141252.806000 0 1.00
1523 471790.500400 2140773.062000 0 1.00
1524 465439.007700 2136672.801000 0 1.00
1525 471195.150300 2140983.127000 0 1.00
1526 466108.329200 2137631.592000 0 1.00
1527 466108.329200 2137631.592000 0 1.00
1528 465995.215000 2137091.904000 0 1.00
1529 471531.217500 2140227.879000 0 1.00
1530 470833.610900 2140665.891000 0 1.00
1531 471186.519100 2140975.487000 0 1.00
1532 471361.237100 2140508.767000 0 1.00
1533 471361.237100 2140508.767000 0 1.00
1534 471361.237100 2140508.767000 0 1.00
1535 471361.237100 2140508.767000 0 1.00
1536 468550.754900 2141336.386000 0 1.00
1537 468528.782000 2140929.630000 0 1.00
1538 470845.782000 2140640.388000 0 1.00
1539 465845.649134 2137272.981726 0 1.00
1540 468253.588100 2140509.493000 0 1.00
1541 468253.588100 2140509.493000 0 1.00
1542 468421.938600 2139964.315000 0 1.00
1543 471657.441100 2142271.270000 0 1.00
1544 466979.394300 2139603.982000 0 1.00
1545 466979.394300 2139603.982000 0 1.00
1546 471963.342500 2140762.730000 0 1.00
1547 469360.166100 2139330.364000 0 1.00
1548 471567.451935 2142643.680387 0 1.00
1549 470647.682161 2138540.540005 0 1.00
1550 465387.534100 2136601.680000 0 1.00
1551 471187.354600 2140981.179000 0 1.00
1552 470374.340386 2138935.897051 0 1.00
1553 469668.019500 2141883.399000 0 1.00
1554 469309.518500 2141292.531000 0 1.00
1555 469399.101901 2141731.626390 0 1.00
1556 470284.350600 2140060.665000 0 1.00
1557 468067.823000 2141611.482000 0 1.00
1558 473585.792700 2144015.627000 0 1.00
1559 469745.229400 2140957.019000 0 1.00
1560 471182.290400 2140985.107000 0 1.00
1561 468457.781400 2140056.344000 0 1.00
1562 468407.840900 2140396.544000 0 1.00
1563 469160.784100 2141497.847000 0 1.00
1564 469232.971400 2141205.434000 0 1.00
1565 468381.450600 2139866.572000 0 1.00
1566 470047.545900 2141121.330000 0 1.00
1567 470047.545900 2141121.330000 0 1.00
1568 469206.675300 2140075.500000 0 1.00
1569 465614.301758 2137188.910435 0 1.00
1570 471186.596600 2140977.354000 0 1.00
1571 465383.283600 2137547.901000 0 1.00
1572 464943.616576 2136311.551710 0 1.00
1573 471182.752300 2140980.346000 0 1.00
1574 468824.538800 2140002.734000 0 1.00
1575 470584.079300 2139533.043000 0 1.00
1576 471188.660900 2140976.417000 0 1.00
1577 470404.737077 2142262.860057 0 1.00
1578 472666.673100 2143962.696000 0 1.00
1579 467997.105700 2140268.094000 0 1.00
1580 470167.247100 2141003.230000 0 1.00
1581 465022.367500 2136377.466000 0 1.00
1582 473569.904200 2144237.789000 0 1.00
1583 473183.932300 2143209.756000 0 1.00
1584 471488.819400 2141145.625000 0 1.00
1585 469650.046287 2140868.218004 0 1.00
1586 465958.716400 2136750.722000 0 1.00
1587 468304.004200 2139631.298000 0 1.00
1588 468304.004200 2139631.298000 0 1.00
1589 465524.903800 2137121.410000 0 1.00
1590 473378.690700 2143106.284000 0 1.00
1591 469953.222600 2142226.946000 0 1.00
1592 469831.062000 2138855.595000 0 1.00
1593 468428.568800 2140266.873000 0 1.00
1594 469678.099200 2141862.850000 0 1.00
1595 471294.026900 2140575.657000 0 1.00
1596 469261.320900 2139724.533000 0 1.00
1597 468648.159600 2140529.905000 0 1.00
1598 472342.998800 2143548.678000 0 1.00
1599 469249.302900 2140683.469000 0 1.00
1600 472992.750900 2143154.187000 0 1.00
1601 472303.708200 2143437.007000 0 1.00
1602 472112.971000 2142304.346000 0 1.00
1603 468988.090900 2139595.052000 0 1.00
1604 465741.177000 2139909.535000 0 1.00
1605 472966.340800 2142830.602000 0 1.00
1606 471531.695900 2141140.290000 0 1.00
1607 470833.549500 2141533.334000 0 1.00
1608 465350.839100 2136468.227000 0 1.00
1609 469688.289800 2142336.546000 0 1.00
1610 468232.893000 2139334.523000 0 1.00
1611 468329.414600 2140417.486000 0 1.00
1612 469147.634900 2141001.313000 0 1.00
1613 466564.109500 2140071.305000 0 1.00
1614 470063.427000 2140981.230000 0 1.00
1615 469114.845900 2140487.546000 0 1.00
1616 470100.903800 2138274.993000 0 1.00
1617 471187.825000 2140981.776000 0 1.00
1618 469728.696100 2140823.009000 0 1.00
1619 473188.529400 2142993.780000 0 1.00
1620 470718.371200 2141129.186000 0 1.00
1621 470117.624000 2139001.460000 0 1.00
1622 473060.013800 2143217.035000 0 1.00
1623 464823.249300 2134478.770000 0 1.00
1624 469498.933300 2138924.115000 0 1.00
1625 469649.553900 2141945.804000 0 1.00
1626 468299.518300 2139682.406000 0 1.00
1627 468299.518300 2139682.406000 0 1.00
1628 469276.009400 2141511.125000 0 1.00
1629 470750.418600 2142152.188000 0 1.00
1630 468361.701500 2139901.007000 0 1.00
1631 471091.186400 2140438.789000 0 1.00
1632 468647.964900 2140538.190000 0 1.00
1633 471188.600000 2140979.105000 0 1.00
1634 466570.378300 2139845.263000 0 1.00
1635 466570.378300 2139845.263000 0 1.00
1636 470055.294900 2142127.038000 0 1.00
1637 470428.753600 2138564.649000 0 1.00
1638 469828.913800 2141010.267000 0 1.00
1639 471309.621300 2139407.551000 0 1.00
1640 468563.328500 2140221.444000 0 1.00
1641 471046.765800 2140405.519000 0 1.00
1642 471046.765800 2140405.519000 0 1.00
1643 466791.698000 2139969.039000 0 1.00
1644 470069.796200 2142504.906000 0 1.00
1645 465372.038100 2135325.236000 0 1.00
1646 469952.925000 2140928.656000 0 1.00
1647 470287.010400 2138921.443000 0 1.00
1648 465222.718700 2136133.538000 0 1.00
1649 470784.819000 2140162.461000 0 1.00
1650 468414.908300 2139943.952000 0 1.00
1651 468414.908300 2139943.952000 0 1.00
1652 468549.677800 2140362.677000 0 1.00
1653 468549.677800 2140362.677000 0 1.00
1654 468549.677800 2140362.677000 0 1.00
1655 468549.677800 2140362.677000 0 1.00
1656 468549.677800 2140362.677000 0 1.00
1657 468549.677800 2140362.677000 0 1.00
1658 468602.506800 2140341.677000 0 1.00
1659 473287.248200 2143056.359000 0 1.00
1660 464795.102600 2135515.629000 0 1.00
1661 472164.069500 2143944.456000 0 1.00
1662 472164.069500 2143944.456000 0 1.00
1663 472164.069500 2143944.456000 0 1.00
1664 472164.069500 2143944.456000 0 1.00
1665 464596.189200 2134994.286000 0 1.00
1666 467956.252400 2140240.459000 0 1.00
1667 472744.217100 2143993.361000 0 1.00
1668 465767.110500 2139932.957000 0 1.00
1669 469667.850700 2140869.696000 0 1.00
1670 473122.160600 2143426.634000 0 1.00
1671 470332.736200 2138963.090000 0 1.00
1672 469794.943000 2142100.084000 0 1.00
1673 466261.049500 2136916.252000 0 1.00
1674 471931.610600 2143249.770000 0 1.00
1675 466744.545000 2139332.967000 0 1.00
1676 471789.878535 2139271.817740 0 1.00
1677 469167.487515 2141612.767318 0 1.00
1678 469486.516207 2141789.070259 0 1.00
1679 468310.508459 2139306.722597 0 1.00
1680 473517.025035 2143533.468454 0 1.00
1681 468644.474952 2140542.447534 0 1.00
1682 468702.465327 2141499.337725 0 1.00
1683 464913.356042 2136027.917955 0 1.00
1684 469156.605746 2139127.522967 0 1.00
1685 470654.038084 2141512.418956 0 1.00
1686 466352.406627 2136446.396283 0 1.00
1687 470979.284295 2140132.019783 0 1.00
1688 471975.937436 2142352.034244 0 1.00
1689 471185.292140 2140983.244762 0 1.00
1690 470695.318240 2142023.318480 0 1.00
1691 470364.428514 2139065.436638 0 1.00
1692 467760.037880 2138885.876645 0 1.00
1693 465028.902861 2136242.164422 0 1.00
1694 468997.023356 2140505.230044 0 1.00
1695 468183.326639 2140213.807465 0 1.00
1696 470028.553214 2139851.141318 0 1.00
1697 473390.625668 2143159.004030 0 1.00
1698 471469.264280 2141104.629962 0 1.00
1699 470023.424255 2140998.894162 0 1.00
1700 467187.605642 2139095.880748 0 1.00
1701 470076.961973 2142460.835567 0 1.00
1702 470365.808208 2138965.871222 0 1.00
1703 469233.496767 2140664.763074 0 1.00
1704 469285.053569 2140697.016481 0 1.00
1705 472747.361085 2143867.792876 0 1.00
1706 471718.549252 2138736.041711 0 1.00
1707 467389.695005 2139464.198105 0 1.00
1708 470161.496125 2139912.504325 0 1.00
1709 465302.955872 2135442.213328 0 1.00
1710 469599.879524 2141908.227674 0 1.00
1711 472368.149989 2142489.056810 0 1.00
1712 468802.341787 2140151.525219 0 1.00
1713 468654.580860 2140196.033401 0 1.00
1714 467702.294497 2140430.705929 0 1.00
1715 470766.509406 2142130.374775 0 1.00
1716 471464.495276 2141104.607584 0 1.00
1717 464582.159125 2135386.872225 0 1.00
1718 470601.023525 2139562.803327 0 1.00
1719 469711.147571 2140927.847449 0 1.00
1720 467015.406512 2139167.903531 0 1.00
1721 466833.804721 2139540.729118 0 1.00
1722 465177.599522 2137114.025455 0 1.00
1723 469877.171941 2138630.204677 0 1.00
1724 469512.858032 2141540.667142 0 1.00
1725 468593.134523 2140541.486184 0 1.00
1726 468162.191987 2138562.837214 0 1.00
1727 470300.281594 2139035.988569 0 1.00
1728 469345.457819 2138404.815612 0 1.00
1729 469838.884587 2142122.793392 0 1.00
1730 468658.903151 2140203.004861 0 1.00
1731 469134.088454 2140561.092304 0 1.00
1732 469643.814797 2139630.535486 0 1.00
1733 468803.390174 2140275.930698 0 1.00
1734 470687.157062 2141460.086050 0 1.00
1735 469757.927671 2138670.308762 0 1.00
1736 471412.920781 2140641.131762 0 1.00
1737 473847.315420 2143570.283583 0 1.00
1738 470214.377948 2142117.308560 0 1.00
1739 470214.377948 2142117.308560 0 1.00
1740 470399.784220 2141057.171752 0 1.00
1741 464401.556184 2135611.159610 0 1.00
1742 471189.798356 2140983.098185 0 1.00
1743 469757.071393 2140946.787788 0 1.00
1744 468810.443631 2140366.801111 0 1.00
1745 468688.377035 2140313.526817 0 1.00
1746 470199.007236 2142210.008072 0 1.00
1747 469991.325367 2138023.778705 0 1.00
1748 469728.003675 2141505.867068 0 1.00
1749 470227.830800 2142462.442000 0 1.00
1750 468294.602400 2140296.779000 0 1.00
1751 469372.751500 2140490.778000 0 1.00
1752 466864.775900 2139801.520000 0 1.00
1753 471788.214500 2140872.674000 0 1.00
1754 468038.146100 2141334.289000 0 1.00
1755 465722.025300 2137298.271000 0 1.00
1756 466639.706000 2139924.024000 0 1.00
1757 473207.838300 2143003.653000 0 1.00
1758 470820.038700 2140868.325000 0 1.00
1759 471195.522800 2140980.942000 0 1.00
1760 467669.599000 2140017.090000 0 1.00
1761 464806.003500 2135897.241000 0 1.00
1762 470355.314600 2139970.176000 0 1.00
1763 470743.957100 2142133.327000 0 1.00
1764 468292.730100 2140011.265000 0 1.00
1765 473497.203600 2143846.220000 0 1.00
1766 470479.998700 2141881.925000 0 1.00
1767 469593.810300 2140176.738000 0 1.00
1768 469997.475900 2141781.505000 0 1.00
1769 473242.993600 2143016.691000 0 1.00
1770 469610.421200 2140634.120000 0 1.00
1771 471799.803600 2140853.055000 0 1.00
1772 467991.506700 2140264.479000 0 1.00
1773 473583.397700 2143821.223000 0 1.00
1774 469810.459543 2140909.247000 0 1.00
1775 469741.291277 2142086.624000 0 1.00
1776 465303.096361 2137608.606000 0 1.00
1777 468479.044083 2140377.593000 0 1.00
1778 473123.803248 2143233.482000 0 1.00
1779 469440.907649 2141593.358000 0 1.00
1780 471225.617548 2140987.541000 0 1.00
1781 468984.805463 2139948.569000 0 1.00
1782 468927.249142 2140498.043000 0 1.00
1783 469346.538801 2140755.879000 0 1.00
1784 468438.814586 2140003.135000 0 1.00
1785 470865.554934 2140467.787000 0 1.00
1786 468229.864940 2140061.557000 0 1.00
1787 465770.515218 2136267.968000 0 1.00
1788 466930.373703 2138763.029000 0 1.00
1789 468094.595839 2140187.012000 0 1.00
1790 471004.412267 2140154.708000 0 1.00
1791 471610.415855 2141424.870000 0 1.00
1792 466703.784293 2139957.808000 0 1.00
1793 464872.147736 2135797.494000 0 1.00
1794 469370.989959 2140074.157000 0 1.00
1795 469825.489713 2141275.281000 0 1.00
1796 469845.039320 2138709.704000 0 1.00
1797 470230.303931 2140946.437000 0 1.00
1798 464976.319838 2135433.265000 0 1.00
1799 470021.976377 2138450.307000 0 1.00
1800 470021.976377 2138450.307000 0 1.00
;